V               53551.8825614629        8.15586       0.212422        10.6002       0.220291
V               53554.5608490156        7.39096       0.434541        9.77311       0.455530
V               53556.7737150504        7.40789       0.238286        9.72761       0.249228
V               53557.3733584201        7.90733       0.218263        10.4202       0.226725
V               53558.3698452641        8.09643       0.186675        12.5091       0.198051
V               53559.5194247738        8.36888       0.249817        10.4283       0.255918
V               53560.1262947861        7.96670       0.319907        9.99356       0.328231
V               53561.4584147949        7.30004       0.334111        10.2715       0.352775
V               53562.3299393854        8.02035       0.346684        10.8518       0.362075
V               53564.0057813688        7.89482       0.374983        10.6217       0.391788
V               53565.0068748128        7.98409       0.302418        11.0613       0.317285
V               53568.0222406876        7.65708       0.339091        10.7637       0.358433
V               53573.0471603395        7.84350       0.339974        10.2851       0.350819
V               53627.9688128331        7.90338       0.239228        11.1224       0.251090
V               54190.9948219648        8.38070       0.449374        10.3556       0.457668
V               54192.5490714787        6.99189       0.266745        9.35231       0.282511
V               54192.6143857986        6.93249       0.318677        9.08084       0.334800
V               54192.6859153290        7.59403       0.448134        10.0191       0.470601
V               54192.7505207434        7.41759       0.300075        9.45596       0.311165
V               54192.8178730858        7.28849       0.298371        9.69713       0.314900
V               54192.9485344063        7.26414       0.381478        9.60345       0.401464
V               55715.5249214703        7.12791       0.199034        9.29231       0.208919
V               55715.5919062523        7.08071       0.199150        9.14769       0.208364
V               55716.1911956351        7.20148       0.160590        9.21428       0.167323
V               55716.2593336492        6.68207       0.154629        8.58992       0.161803
V               55717.3157156138        6.33165       0.244288        10.0954       0.270197
V               55718.5411013020        6.62493       0.308632        8.67338       0.325444
V               55718.5936314119        6.85551       0.313858        8.81081       0.327900
V               55718.6596481162        7.17037       0.320901        9.12750       0.333478
V               55724.6327735744        6.65562       0.282372        8.72771       0.297929
V               55724.8331130156        7.08889       0.273575        9.22021       0.286975
V               55725.3015588722        7.09386       0.270347        9.38359       0.285477
V               55726.1645910325        6.79775       0.237162        8.92890       0.250196
V               55726.2986308769        5.94695       0.223167        8.64214       0.246321
V               55727.2974302103        6.88192       0.278681        9.01706       0.293518
V               55727.4314735290        6.72499       0.275135        8.67629       0.288194
V               55728.8422510633        6.49135       0.359891        8.76404       0.384541
V               55728.9086747700        6.36540       0.866051        8.53652       0.923204
V               55728.9807658587        7.25033       0.391002        9.65441       0.413396
V               55729.0426429473        6.02435       0.842262        8.19123       0.904604
V               55729.1016408517        6.83445       0.356444        8.84476       0.373322
V               55729.1690722215        7.51552       0.367629        9.56639       0.381439
V               55729.2357143676        7.45289       0.366328        9.51613       0.380483
V               55730.0365688764        6.06269       0.394918        8.05434       0.419283
V               55730.1746690907        7.43961       0.428322        9.80216       0.450544
V               55730.2379518789        6.36643       0.372583        8.49891       0.396279
V               55730.3142819870        6.97378       0.396640        8.92061       0.413464
V               55730.4378927471        6.62125       0.403095        8.62320       0.423875
V               55730.5026524095        7.36309       0.929210        9.36855       0.965694
V               55731.2489056578        6.64532       0.374113        8.96329       0.398972
V               55731.5072478289        6.67207       0.438075        8.56613       0.458180
V               55731.7125321222        7.01379       0.381470        9.53082       0.407153
V               55731.8502538456        6.97575       0.415475        9.53642       0.444742
V               55732.1775387423        6.67018       0.381000        8.68226       0.400348
V               55732.3116390808        6.61501       0.362661        8.67923       0.382574
V               55732.4446706022        7.22776       0.371918        9.06619       0.384052
V               55732.5768738221        6.36003       0.407721        8.16457       0.426840
V               55732.9798008385        6.49712       0.359090        8.44718       0.377607
V               55733.3949730243        7.19392       0.354110        9.20476       0.368768
V               55733.5183874583        6.73402       0.294537        8.63746       0.307890
V               55733.6477192468        7.03650       0.444745        9.02731       0.463993
V               55733.7854861389        6.75680       0.890226        8.56069       0.924454
V               55734.1146481647        5.84188       0.826719        7.60503       0.872899
V               55734.2508729552        7.12884       0.386921        9.27922       0.405663
V               55734.3849005075        7.28932       0.390436        9.23654       0.404732
V               55734.5178568773        6.44780       0.370033        8.17894       0.385447
V               55734.6531358482        6.88019       0.386688        8.95871       0.406435
V               55735.3847856000        6.64232       0.888780        8.96585       0.945659
V               55735.4563268297        6.84788       0.332514        8.66818       0.345424
V               55735.6541620530        7.19508       0.463287        9.58479       0.489650
V               55735.7245113351        6.75383       0.398801        8.70848       0.417253
V               55735.7918379307        7.35844       0.506549        9.15228       0.521014
V               55736.0555171426        6.94700       0.375062        9.01773       0.393027
V               55736.1230518194        6.64207       0.373407        8.80399       0.395567
V               55736.1901787003        6.49926       0.386941        8.49303       0.407916
V               55737.0600482300        7.15689       0.390307        9.04477       0.404382
V               55737.1266201450        7.14205       0.391190        9.43832       0.412680
V               55737.1933957352        7.04607       0.387448        8.98825       0.403173
V               55738.2637982545        6.90693       0.360742        8.75550       0.374572
V               55738.5275637829        7.03618       0.922982        9.76305       0.984845
V               55739.6056778217        7.45408       0.936752        9.73971       0.982614
V               55739.8694362501        6.40839       0.460760        8.62732       0.491672
V               55740.8014622512        7.48721       0.952322        10.3011        1.00912
V               55740.8716665865        6.60606       0.396024        8.94275       0.422630
V               55740.9383234801        6.78796       0.400780        8.94499       0.422441
V               55741.2020476810        5.31546       0.812095        8.05225       0.897712
V               55741.2716366919        6.74008       0.378164        8.88594       0.397363
V               55741.3390012761        7.51921       0.386834        9.39980       0.397387
V               55742.2051730119        7.12947       0.934777        10.0468       0.997780
V               55742.3456417471        6.83964       0.295730        8.84833       0.309735
V               55742.4879164817        7.90457       0.631498        10.0784       0.654176
V               55743.2119782344        5.01675       0.770910        6.74912       0.824515
V               55743.3497355566        6.97520       0.308087        9.32063       0.326767
V               55743.4083447494        7.34215       0.582785        10.3384       0.611514
V               55744.6146639660        6.81479       0.906282        9.69557       0.981046
V               55744.7532823919        6.89481       0.300413        8.91935       0.314438
V               55744.8122717259        7.38896       0.607098        10.7984       0.648111
V               55745.4982637088        7.56196       0.944386        9.85355       0.987502
V               55745.6262081456        6.90600       0.298978        8.95488       0.313269
V               55745.6816670769        6.90924       0.608933        9.81654       0.646201
V               55750.1097979043        7.26291       0.317669        9.33585       0.330921
V               55750.2363593481        6.35242       0.315444        8.46884       0.334603
V               55754.1218472770        6.93366       0.306882        9.08682       0.322810
V               55754.2499753092        6.76152       0.302010        8.99217       0.319315
V               55758.0571851451        6.70445       0.434106        9.38101       0.461475
V               55758.2578467317        6.48102       0.433438        9.35105       0.466155
V               55758.5251612836        7.12237       0.451287        10.2798       0.481930
V               55758.7256254605        7.50859       0.450288        10.4230       0.474158
V               55762.0707776612        7.56155       0.449566        10.1031       0.467200
V               55762.1413220004        7.35969       0.338623        10.1408       0.357400
V               55766.0240537543        6.20040       0.305690        8.79105       0.327571
V               55766.0890156901        6.74606       0.344118        10.0066       0.369927
V               55770.3066534186        6.96179       0.340191        9.57267       0.359667
V               55770.5129658040        7.37556       0.310261        9.56928       0.323342
V               55775.1909228396        7.61320       0.485483        10.3586       0.508046
V               55775.2606734443        6.94681       0.358046        9.53712       0.380850
V               55775.3250319655        6.36126       0.449977        9.38289       0.491038
V               55780.0074071507        6.55248       0.470051        9.74681       0.513780
V               55780.3404650125        7.59779       0.554066        10.4035       0.580996
V               55780.5449488894        7.14737       0.467657        9.60045       0.489961
V               55780.6818718221        7.36689       0.615738        9.91514       0.649279
V               55784.3046483439        7.82235       0.512062        10.2352       0.533473
V               55784.7063616416        7.20376       0.512599        9.39831       0.535735
V               55784.9726386424        7.52583       0.551279        9.69664       0.571848
V               55788.2453588801        6.95936       0.307873        9.34928       0.325325
V               55788.6449232851        7.13917       0.322442        9.84327       0.343557
V               57540.3292823224        6.53735       0.277190        8.73488       0.294970
V               57540.3952287319        5.93174       0.259356        7.80306       0.275260
V               57540.4612365640        5.74589       0.255967        7.85140       0.275928
V               57540.5285236277        6.82103       0.291257        8.78794       0.305345
V               57828.7011101362        6.58620       0.290835        8.96007       0.311579
V               57831.0303726699        6.46404       0.234051        8.87754       0.251322
V               58510.5819537095      0.0549755       0.262951        1.51322       0.394948
V               58511.4987066234        4.56097       0.733409        6.31219       0.797784
V               58511.5674309600        5.91158       0.833660        8.25557       0.908517
V               58512.8364411839        6.78348       0.889963        8.69449       0.930815
V               58512.9072722835        5.05305       0.797791        7.90726       0.889410
