UVW1            53551.8929218752        2.58748      0.0980370        3.24819       0.108760
UVW1            53556.7817380512        2.94932       0.101782        3.39933       0.108211
UVW1            53557.3836904820        2.57072      0.0837288        3.25829      0.0932725
UVW1            53558.3102249112        2.91929       0.106128        3.39672       0.113624
UVW1            53559.5275698528        2.62904      0.0951852        3.25281       0.104519
UVW1            53560.1310928930        2.79254       0.128799        3.48692       0.142124
UVW1            53561.4626934989        2.63207       0.133726        3.51726       0.153167
UVW1            53562.3342078095        1.91894       0.113875        2.83567       0.137264
UVW1            53564.0091764824        2.19563       0.155646        3.41917       0.191263
UVW1            53565.0124936863        2.51788       0.113384        3.46269       0.131156
UVW1            53568.0265614684        2.74414       0.134970        3.29189       0.146549
UVW1            53573.0515080648        2.59258       0.130534        3.24907       0.144776
UVW1            53627.9778064503        2.86638      0.0952581        3.40632       0.103272
UVW1            54190.6660879119        2.34482       0.131055        3.18015       0.150823
UVW1            54190.7332266308        2.33601       0.152921        3.00903       0.171981
UVW1            54190.8000365319        2.53849       0.148177        3.30525       0.167143
UVW1            54190.8671637545        2.26610       0.168072        3.13014       0.195507
UVW1            54190.9319364834        2.79080       0.109672        3.31052       0.118486
UVW1            54190.9904616619        2.20195       0.157747        2.84889       0.178416
UVW1            54191.6681943866        2.66426       0.109251        3.28688       0.120014
UVW1            54191.7349178446        2.58445       0.105503        3.23881       0.116882
UVW1            54191.8019835898        2.63217       0.119113        3.24340       0.130888
UVW1            54192.5389582226        2.59218       0.110097        3.17725       0.120733
UVW1            54192.6073138746        2.51611       0.130335        3.09323       0.143272
UVW1            54192.6818876103        2.49503       0.174392        3.24887       0.196801
UVW1            54192.7420477406        2.20538       0.111736        3.14624       0.131842
UVW1            54192.8094091495        2.46125       0.117800        3.26315       0.134026
UVW1            54192.9432822764        2.36682       0.147918        3.17789       0.169433
UVW1            54194.1418127161        2.61280      0.0908194        3.20601      0.0997082
UVW1            54194.2124823546        2.14523      0.0648651        3.04915      0.0765410
UVW1            54194.4861352229        2.60701      0.0576048        3.27488      0.0638951
UVW1            54194.5528072761        2.58364      0.0573981        3.28493      0.0640228
UVW1            54194.6201771870        2.57516      0.0573981        3.33806      0.0645914
UVW1            54194.6868440025        2.44923      0.0559877        3.24451      0.0637044
UVW1            54194.7535034120        2.54163      0.0569144        3.15893      0.0628990
UVW1            54194.8172189202        2.43940      0.0644838        3.17201      0.0727963
UVW1            54194.8818005254        2.52705      0.0728731        3.12064      0.0803312
UVW1            54591.5200630766        2.52670      0.0495628        3.22078      0.0553208
UVW1            55715.5066910335        2.29845      0.0778487        2.85738      0.0873195
UVW1            55715.5738441832        2.58585      0.0840406        3.10464      0.0937135
UVW1            55715.6411149385        2.50732      0.0826242        3.00869      0.0915651
UVW1            55716.1761413147        2.56930      0.0936060        3.01267       0.102060
UVW1            55716.2442963761        2.44746      0.0914537        2.94953       0.101088
UVW1            55716.3112460393        2.57741      0.0934419        3.06235       0.102055
UVW1            55717.0498534674        2.34123       0.303390        2.68196       0.326106
UVW1            55717.2579682865        2.49447       0.202056        3.01286       0.220545
UVW1            55717.3851324245        2.20952       0.215456        2.74774       0.239585
UVW1            55717.5859809951        2.53062       0.336247        3.23628       0.378694
UVW1            55717.8003222113        2.40323       0.196612        3.11086       0.221421
UVW1            55718.5195569699        2.62582       0.133376        3.01772       0.143603
UVW1            55718.5339486105        2.52518       0.129811        2.95957       0.139923
UVW1            55718.5864618015        2.84616       0.138723        3.21710       0.147781
UVW1            55718.6524875080        2.45771       0.129674        3.01330       0.144291
UVW1            55720.1298634978        2.80093       0.156652        3.32784       0.169129
UVW1            55720.2638340625        2.69304       0.147794        3.13194       0.158322
UVW1            55720.3979580989        2.53024       0.153269        3.02556       0.166455
UVW1            55721.4069207134        2.61920       0.148660        3.08105       0.160000
UVW1            55721.4688826278        2.35129       0.159192        2.86659       0.174826
UVW1            55721.5362414783        2.84700       0.174646        3.24103       0.184942
UVW1            55721.6029103859        2.83418       0.174747        3.30845       0.187243
UVW1            55722.5452030688        2.63575       0.158935        3.08683       0.170767
UVW1            55722.6173699806        2.58912       0.151404        3.14916       0.165593
UVW1            55722.7478504162        2.45243       0.140031        3.07877       0.155520
UVW1            55722.8186377739        2.45690       0.136093        2.97644       0.148792
UVW1            55723.2099055173        2.46050       0.170621        2.82758       0.182619
UVW1            55723.2765740589        2.50055       0.172399        2.96380       0.187075
UVW1            55723.3437090749        2.37601       0.140256        2.96362       0.155537
UVW1            55724.6241914569        2.36334       0.114357        2.98601       0.127501
UVW1            55724.8234458659        2.68808       0.114782        3.14187       0.123082
UVW1            55725.2916166657        2.82311       0.115710        3.26367       0.123225
UVW1            55726.1523090564        2.49953      0.0979790        3.12072       0.108488
UVW1            55726.2863297458        2.52783      0.0986485        3.19973       0.109944
UVW1            55727.2883590818        2.50944       0.114640        2.98087       0.124347
UVW1            55727.4223854798        2.61682       0.117030        3.07888       0.126218
UVW1            55728.6976957251        2.35714       0.127647        3.14249       0.145780
UVW1            55728.7658544527        2.53687       0.145992        3.17292       0.161679
UVW1            55728.7750949063        2.12104       0.114305        2.86358       0.131744
UVW1            55728.8359800703        2.65185       0.127422        3.17995       0.138271
UVW1            55728.9748251564        2.34799       0.123528        3.16816       0.141862
UVW1            55729.0949720317        2.69751       0.124195        3.02959       0.130968
UVW1            55729.1622140189        2.57047       0.119738        2.94218       0.127599
UVW1            55729.2288639504        2.56483       0.119777        2.92760       0.127696
UVW1            55730.0317008765        2.51516       0.141784        3.12126       0.156745
UVW1            55730.1695905868        2.84236       0.147184        3.35073       0.158290
UVW1            55730.2322318349        2.58002       0.132245        2.95094       0.141759
UVW1            55730.3087819545        2.62019       0.135475        3.05907       0.145383
UVW1            55730.4328166065        2.54558       0.139580        2.96261       0.150250
UVW1            55731.1014446020        2.47503       0.126149        2.95419       0.137076
UVW1            55731.2429750971        2.48390       0.126804        2.97506       0.138018
UVW1            55731.5028524301        2.72201       0.155337        3.23915       0.168408
UVW1            55731.7065146705        2.73066       0.132100        3.31137       0.143989
UVW1            55731.8451656969        2.35827       0.134364        3.03379       0.151178
UVW1            55732.1718108417        2.59707       0.132157        2.92702       0.140157
UVW1            55732.3053707061        2.83539       0.132418        3.32488       0.142771
UVW1            55732.4382283678        2.67264       0.126505        3.15497       0.136779
UVW1            55732.5720581831        2.85813       0.151688        3.34996       0.163014
UVW1            55732.9735742281        2.75519       0.130609        3.20207       0.140122
UVW1            55733.3878900730        2.72891       0.121159        3.11834       0.128745
UVW1            55733.5088696033        2.76471       0.105066        3.16579       0.111995
UVW1            55733.6432243856        2.91921       0.158804        3.35939       0.169296
UVW1            55734.2449493022        2.76622       0.134867        3.25979       0.145993
UVW1            55734.3789801048        2.71365       0.132856        3.10197       0.141317
UVW1            55734.5120175565        2.56337       0.130442        2.96829       0.140387
UVW1            55734.6474142005        2.52640       0.130730        3.03209       0.142379
UVW1            55735.4487339291        2.70682       0.116981        3.11680       0.125165
UVW1            55735.6498799911        2.91269       0.163073        3.21389       0.170637
UVW1            55735.7192241778        2.75512       0.141661        3.11163       0.149583
UVW1            55735.7881997149        2.80818       0.173913        3.20639       0.184545
UVW1            55736.0493679685        2.73734       0.131180        3.16726       0.140791
UVW1            55736.1171204969        2.68023       0.131850        3.11268       0.141479
UVW1            55736.1847328176        2.82543       0.141569        3.27889       0.151637
UVW1            55737.0542405802        2.76007       0.135470        3.23224       0.145734
UVW1            55737.1208143448        2.56373       0.130636        3.00662       0.141065
UVW1            55737.1875682413        2.81056       0.136635        3.10259       0.143325
UVW1            55738.2572472221        2.69737       0.126187        3.00586       0.133424
UVW1            55738.3917161729        2.67216       0.105582        3.08721       0.113425
UVW1            55739.7324056383        2.73895       0.108498        3.10993       0.115034
UVW1            55739.7434282131        2.76117       0.108902        3.16327       0.115818
UVW1            55739.8655601358        2.47129       0.158479        2.80568       0.168586
UVW1            55740.8663798203        2.52347       0.136409        3.06935       0.149934
UVW1            55740.9330396377        2.65702       0.139930        3.04682       0.149835
UVW1            55741.2656968785        2.86146       0.137880        3.12151       0.145903
UVW1            55741.3327178368        2.71740       0.130049        3.10241       0.139406
UVW1            55742.3360723681        2.87632       0.107639        3.20199       0.114084
UVW1            55742.4852818926        2.88954       0.210436        3.42936       0.227243
UVW1            55743.3406359083        2.75092       0.110206        3.18396       0.121334
UVW1            55743.4053602084        2.47752       0.184171        2.86221       0.200021
UVW1            55744.7439195043        2.80108       0.107349        3.23778       0.115501
UVW1            55744.8094851649        2.23932       0.182669        2.78103       0.205490
UVW1            55745.6167473169        2.83953       0.106967        3.22970       0.113707
UVW1            55745.6790359356        2.52503       0.198671        2.84144       0.213272
UVW1            55750.1009605471        2.66123       0.107721        3.00698       0.115024
UVW1            55750.2284283685        2.54172       0.111707        2.97079       0.121587
UVW1            55754.1127753356        2.65622       0.105945        3.03125       0.113367
UVW1            55754.2408315386        2.62241       0.105481        2.97080       0.113328
UVW1            55758.0525047388        2.85500       0.154986        3.31593       0.167127
UVW1            55758.2532719253        2.63562       0.156332        3.16618       0.176601
UVW1            55758.5205635475        3.12498       0.165359        3.59586       0.178570
UVW1            55758.7206923389        2.88132       0.152677        3.19307       0.162818
UVW1            55762.0658518882        2.58315       0.143658        2.92486       0.154034
UVW1            55762.1330715911        2.19554       0.102381        2.73815       0.115553
UVW1            55766.0154951597        2.81460       0.113255        3.18694       0.121527
UVW1            55766.0814228496        2.85080       0.120833        3.24951       0.129426
UVW1            55770.2989014736        2.74492       0.117433        3.18368       0.127095
UVW1            55770.5035815174        2.91572       0.109570        3.42539       0.118578
UVW1            55775.1866708426        2.61902       0.156457        2.88093       0.165537
UVW1            55775.2537798719        2.62691       0.121650        2.98776       0.130296
UVW1            55775.3208763180        2.88043       0.165454        3.31419       0.177519
UVW1            55780.0034507685        2.39736       0.155286        2.81987       0.169394
UVW1            55780.3370868363        2.39806       0.169605        2.95541       0.188925
UVW1            55780.5406463323        2.87639       0.161892        3.23184       0.171349
UVW1            55780.6792969275        3.39972       0.231527        3.94718       0.246088
UVW1            55784.3007678175        2.54138       0.159987        3.02409       0.173416
UVW1            55784.6355079873        2.50432       0.157461        3.03053       0.172111
UVW1            55784.7028095443        2.47258       0.166172        3.12753       0.185300
UVW1            55784.9694140209        2.55783       0.177297        3.08527       0.193338
UVW1            55788.2361801993        2.52573       0.102315        2.96304       0.110452
UVW1            55788.6362691056        2.78837       0.111397        3.18823       0.119321
UVW1            56087.2321973955        2.68795      0.0417410        3.14095      0.0447449
UVW1            56087.2980063283        2.64786      0.0426393        3.08668      0.0456851
UVW1            56087.3638425930        2.66463      0.0441781        3.09090      0.0472260
UVW1            57540.3205748708        2.44194       0.115353        2.89491       0.124768
UVW1            57540.3862374122        2.25227       0.108978        2.70063       0.118891
UVW1            57540.4522158746        2.46338       0.114007        3.01259       0.125102
UVW1            57540.5202822662        2.37556       0.116941        2.87469       0.127858
UVW1            57828.6930504860        2.34189       0.117297        2.81425       0.127844
UVW1            57831.0182425859        2.44662      0.0974988        2.90512       0.105656
UVW1            57831.0931625683      0.0443321      0.0206622      0.0417140      0.0285387
UVW1            58239.5436241925        2.25538      0.0494338        2.77400      0.0545666
UVW1            58239.6103375941        2.38671      0.0509396        2.83904      0.0552036
UVW1            58263.1935916850        2.34776      0.0552944        2.81311      0.0601082
UVW1            58263.7276740680        2.53283      0.0523487        2.98359      0.0563700
UVW1            58275.4793511084        2.31502      0.0484164        2.80853      0.0530224
UVW1            58275.5583348046        2.16286      0.0564323        2.69414      0.0626066
UVW1            58283.1817939496     -0.0518818     0.00169957      -0.144379     0.00217122
UVW1            58283.3801076324        2.30476      0.0670769        2.86261      0.0751506
UVW1            58283.5153202526        2.27267      0.0508598        2.83011      0.0569402
UVW1            58283.7189436639        2.41793      0.0761442        2.93443      0.0837629
UVW1            58283.8506942634        1.70607      0.0870573        2.08435      0.0970008
UVW1            58287.8959183092        2.12611      0.0474254        2.71111      0.0546191
UVW1            58287.9611915741        2.33592      0.0564141        2.83429      0.0635330
UVW1            58323.5039423970        2.20021      0.0912915        2.71513       0.100847
UVW1            58323.5624962230        2.63617      0.0688348        3.09052      0.0746998
UVW1            58323.9638104914        2.50466      0.0558328        2.90168      0.0598675
UVW1            58327.0145604233        2.52793      0.0669150        2.94800      0.0722352
UVW1            58359.0231545200        2.40316      0.0769242        2.78336      0.0834795
UVW1            58359.0894736648        2.55463      0.0856469        3.02579      0.0939035
UVW1            58359.2223884175        2.67521      0.0795756        3.08630      0.0853362
UVW1            58359.2880581655        2.35546      0.0982783        2.77801       0.107636
UVW1            58383.6058420255        2.33516      0.0423419        2.74894      0.0459061
UVW1            58383.6619599969        2.43273      0.0761041        2.83844      0.0827028
UVW1            58467.1494782427        2.41398      0.0415801        2.92034      0.0461351
UVW1            58467.2146445508        2.35686      0.0738155        2.90154      0.0822744
UVW1            58479.0432222243        2.27211      0.0549159        2.83954      0.0613722
UVW1            58479.3739148644        2.11490      0.0444433        2.61333      0.0494203
UVW1            58479.9645458031        2.34895      0.0399746        2.78051      0.0433849
UVW1            58510.5762580638        2.45280       0.156765        7.23216       0.250673
UVW1            58510.6368227084        2.10990       0.136657        2.60062       0.150856
UVW1            58511.4930087230        2.25363       0.141277        2.79649       0.156144
UVW1            58511.5616914947        2.38276       0.145363        3.02640       0.162056
UVW1            58512.5720763938        2.30457       0.143077        2.80341       0.156929
UVW1            58512.8307545199        2.35121       0.144413        2.90231       0.159162
UVW1            58512.9015819323        2.22178       0.140562        2.76516       0.155899
UVW1            58527.8526394786        2.24714      0.0424062        2.73206      0.0468243
UVW1            58527.9151513688        2.24958      0.0619919        2.77450      0.0685040
UVW1            58539.0663865246        2.18845      0.0380410        2.77705      0.0425623
UVW1            58539.1969683920        2.26812      0.0771540        2.85961      0.0859976
UVW1            58551.7397208107        2.32151      0.0512260        2.71523      0.0551477
UVW1            58551.8112604157        2.23447       0.157405        2.72152       0.172977
UVW1            58551.8923927229        2.29853      0.0828546        2.83355      0.0914188
UVW1            58551.9369219807        2.28484      0.0587691        2.72402      0.0638321
UVW1            58575.0747371647        2.02235      0.0872112        2.58416      0.0987885
UVW1            58575.1321811350        2.16811      0.0848671        2.73740      0.0948254
UVW1            58575.3334773481        2.23572       0.104862        2.81828       0.117086
UVW1            58575.4045423870        2.12298      0.0587639        2.53578      0.0642722
UVW1            58575.6054034224        2.60409       0.101927        3.09759       0.110598
UVW1            58575.9258753867        2.28005      0.0855789        2.85652      0.0949990
UVW1            58587.8710451094        2.24461      0.0477722        2.77277      0.0527571
UVW1            58587.9391019340        2.36307      0.0520665        2.81666      0.0565029
UVW1            58611.6391223315        2.42083      0.0527911        2.91124      0.0574497
UVW1            58623.8039803924        2.10675      0.0474410        2.68000      0.0531309
UVW1            58623.8728018561        2.33755      0.0502718        2.88278      0.0553705
UVW1            58731.9031665646        0.00000    0.000895470     0.00324155     0.00170369
UVW1            58743.1267964514        2.48713      0.0416806        3.06247      0.0453444
UVW1            58743.1859392114        2.43163      0.0703687        3.02532      0.0769600
UVW1            58755.4080707510        2.39298      0.0409463        3.01498      0.0450599
UVW1            58891.0054753493        2.13706      0.0560650        2.79124      0.0640026
UVW1            58891.0580907501        2.24110      0.0607831        2.75348      0.0669263
UVW1            58891.9962080503        2.17055      0.0593089        2.76698      0.0665086
UVW1            59035.6647101250        2.21982       0.195705        2.70237       0.212222
UVW1            59035.8119559563        2.14656      0.0628773        2.62626      0.0691661
UVW1            59059.3002054896        2.47526      0.0472022        3.01331      0.0513124
UVW1            59059.3614653265        2.36643      0.0527584        2.96484      0.0584212
UVW1            59119.3132921131        2.29611      0.0383524        2.84275      0.0424362
UVW1            59131.8621865730        2.33494      0.0619426        2.84114      0.0683715
UVW1            59131.9305715146        2.48188      0.0496827        2.94673      0.0540541
UVW1            59143.2263718084        2.38435      0.0420729        2.82213      0.0457739
UVW1            59143.3528847136        2.15617       0.148709        2.63224       0.163417
UVW1            59175.4752104720        2.11669      0.0573306        2.61014      0.0634405
UVW1            59175.5429176036        2.16338      0.0553595        2.65978      0.0608881
UVW1            59175.6036973679        2.07760      0.0705553        2.54466      0.0777387
UVW1            59187.8374762842        2.18932      0.0468738        2.66720      0.0521541
UVW1            59359.7551485472        2.37228      0.0489233        2.94334      0.0534797
UVW1            59359.8230745434        2.40490      0.0518679        2.99375      0.0568557
UVW1            59371.5669057104        2.25313      0.0458659        2.83451      0.0515008
