UVW1            53551.8929218752        6.89875       0.164895        10.4231       0.187059
UVW1            53556.7817380512        7.36507       0.166252        10.8915       0.186170
UVW1            53557.3836904820        6.98117       0.142266        10.5958       0.161545
UVW1            53558.3102249112        5.80647       0.153908        9.35071       0.181029
UVW1            53559.5275698528        7.00243       0.160435        10.4910       0.181407
UVW1            53560.1310928930        7.05416       0.211440        10.8331       0.240990
UVW1            53561.4626934989        6.74915       0.218919        10.1205       0.247514
UVW1            53562.3342078095        6.89510       0.221938        10.7676       0.254899
UVW1            53564.0091764824        6.28865       0.269589        10.0783       0.314753
UVW1            53565.0124936863        6.37126       0.185428        10.1739       0.216092
UVW1            53568.0265614684        5.24633       0.191797        8.85183       0.231497
UVW1            53573.0515080648        7.02022       0.221755        10.8131       0.253043
UVW1            53627.9778064503        7.18899       0.155405        10.8417       0.175360
UVW1            54190.6660879119        6.53907       0.225465        10.3228       0.261236
UVW1            54190.7332266308        6.25115       0.257566        9.86402       0.299385
UVW1            54190.8000365319        6.29034       0.239865        9.88711       0.278165
UVW1            54190.8671637545        6.38379       0.289829        10.0834       0.336286
UVW1            54190.9319364834        6.50710       0.172382        9.97888       0.197439
UVW1            54190.9904616619        6.48214       0.278438        10.0924       0.320937
UVW1            54191.6681943866        6.04327       0.169677        9.80371       0.199861
UVW1            54191.7349178446        6.38238       0.170953        10.1162       0.198724
UVW1            54191.8019835898        6.02781       0.185657        9.67858       0.217806
UVW1            54192.5389582226        6.36385       0.178019        10.1029       0.207137
UVW1            54192.6073138746        5.94974       0.206408        9.57244       0.242570
UVW1            54192.6818876103        6.25622       0.284901        10.2260       0.335607
UVW1            54192.7420477406        5.64417       0.183507        9.44451       0.219772
UVW1            54192.8094091495        6.38572       0.195727        10.3183       0.229219
UVW1            54192.9432822764        6.05401       0.243684        9.93898       0.288291
UVW1            54194.1418127161        6.36640       0.146139        10.0574       0.169654
UVW1            54194.2124823546        6.41885       0.115115        10.0162       0.132888
UVW1            54194.4861352229        6.60146      0.0944132        10.1857       0.108332
UVW1            54194.5528072761        6.15312      0.0913201        10.0120       0.107515
UVW1            54194.6201771870        6.58974      0.0946092        10.3350       0.109253
UVW1            54194.6868440025        6.51800      0.0940495        10.2394       0.108771
UVW1            54194.7535034120        6.67127      0.0950050        10.2538       0.108757
UVW1            54194.8172189202        6.56728       0.109051        10.3457       0.126176
UVW1            54194.8818005254        6.72986       0.122649        10.3979       0.140590
UVW1            54591.5200630766        6.35675      0.0810278        10.0275      0.0940722
UVW1            55715.5066910335        5.99371       0.128420        9.67779       0.150391
UVW1            55715.5738441832        6.15006       0.131617        9.98009       0.153349
UVW1            55715.6411149385        6.35113       0.134149        10.1310       0.155394
UVW1            55716.1761413147        5.99786       0.145897        9.30461       0.168103
UVW1            55716.2442963761        6.07952       0.147189        9.61502       0.170752
UVW1            55716.3112460393        6.27620       0.149521        9.90136       0.173152
UVW1            55717.0498534674        6.10529       0.505334        10.1096       0.598297
UVW1            55717.2579682865        5.07026       0.296135        8.68036       0.360457
UVW1            55717.3851324245        5.99435       0.365115        9.69777       0.429471
UVW1            55717.5859809951        6.50096       0.551957        10.0369       0.632689
UVW1            55717.8003222113        5.10854       0.293182        8.27896       0.348931
UVW1            55718.5195569699        5.93534       0.205962        9.75366       0.243218
UVW1            55718.5339486105        6.60325       0.216647        10.2802       0.249359
UVW1            55718.5864618015        6.19971       0.210471        9.95006       0.245534
UVW1            55718.6524875080        6.09811       0.209064        9.92559       0.245256
UVW1            55720.1298634978        6.26509       0.241241        9.74926       0.278748
UVW1            55720.2638340625        6.34817       0.233800        9.83502       0.269408
UVW1            55720.3979580989        6.60536       0.255004        9.96983       0.290116
UVW1            55721.4069207134        6.17659       0.234918        9.50176       0.270563
UVW1            55721.4688826278        6.09176       0.263201        9.37697       0.303406
UVW1            55721.5362414783        6.16525       0.264409        9.45730       0.304117
UVW1            55721.6029103859        6.44935       0.270790        9.60539       0.306870
UVW1            55722.5452030688        6.45120       0.256409        9.96591       0.294868
UVW1            55722.6173699806        6.18245       0.240184        9.38991       0.275134
UVW1            55722.7478504162        5.90882       0.224070        9.73236       0.265875
UVW1            55722.8186377739        6.02566       0.219234        9.47174       0.255030
UVW1            55723.2099055173        6.56007       0.286725        9.91305       0.326311
UVW1            55723.2765740589        6.19912       0.278926        9.61283       0.321829
UVW1            55723.3437090749        6.06701       0.230339        9.49212       0.267312
UVW1            55724.6241914569        6.14867       0.189760        9.66481       0.220468
UVW1            55724.8234458659        6.41914       0.183054        10.0078       0.211371
UVW1            55725.2916166657        6.22605       0.177420        9.87579       0.206733
UVW1            55726.1523090564        5.73860       0.152620        9.28364       0.180172
UVW1            55726.2863297458        5.68407       0.152238        9.47358       0.181919
UVW1            55727.2883590818        6.04896       0.183187        9.60157       0.213754
UVW1            55727.4223854798        6.22878       0.186421        10.0694       0.218650
UVW1            55728.6976957251        5.86068       0.206665        9.39835       0.242792
UVW1            55728.7658544527        6.07000       0.232434        9.65870       0.271584
UVW1            55728.7750949063        6.03019       0.198482        9.89772       0.234843
UVW1            55728.8359800703        6.19048       0.200498        9.67588       0.232333
UVW1            55728.9748251564        5.85307       0.200766        9.73817       0.239325
UVW1            55729.0949720317        6.18913       0.193679        9.50545       0.222814
UVW1            55729.1622140189        6.65442       0.198320        9.91195       0.224288
UVW1            55729.2288639504        6.10969       0.189908        9.37555       0.218440
UVW1            55730.0317008765        6.21971       0.228566        9.37722       0.260873
UVW1            55730.1695905868        6.24108       0.224397        9.63503       0.258538
UVW1            55730.2322318349        6.54356       0.216153        9.92049       0.245958
UVW1            55730.3087819545        6.14778       0.214489        10.0084       0.252629
UVW1            55730.4328166065        6.97425       0.237771        10.3368       0.267318
UVW1            55731.1014446020        6.03268       0.202879        9.64548       0.237523
UVW1            55731.2429750971        6.13530       0.205213        9.70877       0.238982
UVW1            55731.5028524301        6.69127       0.250841        10.2743       0.286753
UVW1            55731.7065146705        6.40093       0.207817        9.63924       0.236735
UVW1            55731.8451656969        6.36067       0.226624        9.75350       0.260046
UVW1            55732.1718108417        6.29951       0.212249        9.97169       0.246569
UVW1            55732.3053707061        5.94116       0.196611        9.35459       0.228626
UVW1            55732.4382283678        6.69304       0.205827        10.0560       0.233303
UVW1            55732.5720581831        6.95173       0.243926        10.5190       0.276549
UVW1            55732.9735742281        6.59974       0.207825        9.94187       0.236030
UVW1            55733.3878900730        6.43840       0.192562        10.3487       0.224847
UVW1            55733.5088696033        5.88186       0.157607        9.40930       0.184690
UVW1            55733.6432243856        6.46373       0.243299        9.98805       0.279467
UVW1            55734.2449493022        6.20685       0.207611        9.85955       0.241475
UVW1            55734.3789801048        6.13517       0.205603        9.55242       0.237868
UVW1            55734.5120175565        6.50697       0.214012        10.2098       0.247016
UVW1            55734.6474142005        5.12709       0.191223        8.64253       0.231043
UVW1            55735.4487339291        6.21287       0.182452        9.83382       0.212085
UVW1            55735.6498799911        6.45329       0.250584        10.1322       0.289695
UVW1            55735.7192241778        6.88970       0.231599        10.4865       0.263546
UVW1            55735.7881997149        6.34921       0.269682        9.89355       0.311450
UVW1            55736.0493679685        6.38279       0.205731        9.79136       0.235684
UVW1            55736.1171204969        6.18116       0.205847        9.59261       0.237617
UVW1            55736.1847328176        6.58547       0.222468        10.0568       0.254049
UVW1            55737.0542405802        6.24372       0.209785        9.83733       0.243442
UVW1            55737.1208143448        7.20668       0.226120        10.8973       0.255551
UVW1            55737.1875682413        6.42744       0.212607        9.78987       0.242890
UVW1            55738.2572472221        6.37044       0.199641        9.99862       0.230734
UVW1            55738.3917161729        6.43311       0.168425        10.0024       0.193817
UVW1            55739.7324056383        6.91528       0.177933        10.4273       0.201602
UVW1            55739.7434282131        6.40450       0.170887        9.84430       0.196171
UVW1            55739.8655601358        6.81715       0.271524        10.2910       0.308105
UVW1            55740.8663798203        6.18630       0.219380        9.76603       0.254780
UVW1            55740.9330396377        6.62037       0.226773        9.94370       0.256984
UVW1            55741.2656968785        6.42935       0.211422        9.99078       0.242257
UVW1            55741.3327178368        6.16110       0.200796        9.68691       0.232466
UVW1            55742.3360723681        6.21810       0.162656        9.99141       0.189686
UVW1            55742.4852818926        6.58316       0.326860        10.0501       0.373333
UVW1            55743.3406359083        6.42580       0.171033        10.3538       0.197757
UVW1            55743.4053602084        6.99141       0.316898        10.6251       0.358515
UVW1            55744.7439195043        6.40100       0.166498        9.93678       0.191337
UVW1            55744.8094851649        6.43380       0.316755        10.4195       0.369334
UVW1            55745.6167473169        6.74738       0.169687        10.1817       0.192466
UVW1            55745.6790359356        6.65088       0.330775        10.4514       0.380361
UVW1            55750.1009605471        6.69375       0.175627        10.3537       0.200927
UVW1            55750.2284283685        6.55165       0.183671        10.1468       0.210358
UVW1            55754.1127753356        6.31502       0.167513        9.65045       0.191634
UVW1            55754.2408315386        6.33182       0.167941        10.0092       0.194225
UVW1            55758.0525047388        6.41608       0.238354        10.0158       0.274363
UVW1            55758.2532719253        6.36800       0.245036        10.4683       0.284637
UVW1            55758.5205635475        6.62324       0.246825        10.6792       0.285985
UVW1            55758.7206923389        6.22857       0.229432        9.85726       0.265163
UVW1            55762.0658518882        6.50117       0.233601        10.0268       0.267330
UVW1            55762.1330715911        6.33796       0.177312        10.0232       0.205017
UVW1            55766.0154951597        6.75160       0.179749        10.4427       0.205081
UVW1            55766.0814228496        6.38613       0.185236        9.82327       0.211977
UVW1            55770.2989014736        6.51319       0.185087        9.98431       0.211144
UVW1            55770.5035815174        6.51231       0.167969        10.0729       0.192487
UVW1            55775.1866708426        6.76551       0.257882        10.1625       0.291362
UVW1            55775.2537798719        6.45234       0.195967        10.1587       0.226340
UVW1            55775.3208763180        6.50373       0.255408        10.1616       0.293894
UVW1            55780.0034507685        5.92838       0.249732        9.34685       0.290201
UVW1            55780.3370868363        6.84009       0.292665        10.1658       0.329104
UVW1            55780.5406463323        6.02781       0.241469        9.83732       0.284451
UVW1            55780.6792969275        5.63359       0.306335        9.18468       0.362932
UVW1            55784.3007678175        6.12977       0.256316        9.85773       0.300458
UVW1            55784.6355079873        6.24320       0.256424        10.0005       0.299685
UVW1            55784.7028095443        5.88854       0.263892        9.61124       0.311971
UVW1            55784.9694140209        6.09751       0.281879        9.68028       0.328856
UVW1            55788.2361801993        6.05863       0.162887        9.48759       0.188977
UVW1            55788.6362691056        6.52235       0.174661        9.90270       0.198739
UVW1            56087.2321973955        6.09155      0.0647501        9.57362      0.0752832
UVW1            56087.2980063283        6.07810      0.0665475        9.52164      0.0772836
UVW1            56087.3638425930        6.18707      0.0693832        9.66219      0.0803784
UVW1            57540.3205748708        5.42724       0.176386        8.53963       0.206739
UVW1            57540.3862374122        5.68454       0.177496        8.76716       0.205702
UVW1            57540.4522158746        5.62387       0.177092        9.09287       0.209318
UVW1            57540.5202822662        5.82490       0.187618        8.80167       0.215349
UVW1            57828.6930504860        5.48344       0.184101        8.63209       0.215659
UVW1            57831.0182425859        5.37598       0.148125        8.48691       0.173864
UVW1            57831.0931625683       0.312176      0.0408656        1.16580      0.0726282
UVW1            58239.5436241925        5.27786      0.0774429        8.43373      0.0914448
UVW1            58239.6103375941        5.25804      0.0774872        8.29814      0.0911121
UVW1            58263.1935916850        4.99150      0.0826091        8.05494      0.0983419
UVW1            58263.7276740680        5.32903      0.0778442        8.36478      0.0912626
UVW1            58275.4793511084        5.33818      0.0753478        8.46434      0.0886605
UVW1            58275.5583348046        5.17154      0.0893696        8.26697       0.105743
UVW1            58283.1817939496        4.93894      0.0939028        8.36189       0.113985
UVW1            58283.3801076324        5.05825       0.101192        8.45418       0.121426
UVW1            58283.5153202526        5.13393      0.0780103        8.61567      0.0937793
UVW1            58283.7189436639        5.45266       0.116835        8.60627       0.136751
UVW1            58283.8506942634        5.06449       0.153407        8.50320       0.185083
UVW1            58287.8959183092        4.88627      0.0725312        8.46682      0.0879592
UVW1            58287.9611915741        5.22614      0.0851628        8.66800       0.100999
UVW1            58323.5039423970        5.29217       0.144991        8.35525       0.170423
UVW1            58323.5624962230        5.47869       0.101250        8.63781       0.118203
UVW1            58323.9638104914        5.06827      0.0813455        8.18489      0.0966597
UVW1            58327.0145604233        5.69227       0.102785        8.87888       0.119421
UVW1            58359.0231545200        5.21747       0.115626        8.50764       0.137154
UVW1            58359.0894736648        5.36677       0.126409        8.69067       0.149059
UVW1            58359.2223884175        5.35535       0.115280        8.61652       0.136106
UVW1            58359.2880581655        5.31731       0.150371        8.53796       0.177012
UVW1            58383.6058420255        5.47370      0.0663907        8.65134      0.0778045
UVW1            58383.6619599969        5.43880       0.116241        8.79971       0.137186
UVW1            58467.1494782427        5.56551      0.0641838        8.82500      0.0748864
UVW1            58467.2146445508        5.20195       0.111732        8.55833       0.133037
UVW1            58479.0432222243        5.17282      0.0846200        8.49897       0.100950
UVW1            58479.3739148644        5.32655      0.0721511        8.62368      0.0855036
UVW1            58479.9645458031        5.45656      0.0624172        8.61061      0.0731455
UVW1            58510.5762580638     -0.0956023      0.0240505       0.130500      0.0332601
UVW1            58510.6368227084        5.39088       0.224045        8.49380       0.262973
UVW1            58511.4930087230        5.28046       0.221902        8.49663       0.263015
UVW1            58511.5616914947        5.28764       0.222055        8.50818       0.263186
UVW1            58512.5720763938        5.14501       0.218674        8.12213       0.257380
UVW1            58512.8307545199        4.85152       0.212054        7.78494       0.252203
UVW1            58512.9015819323        5.20893       0.220255        8.27215       0.259709
UVW1            58527.8526394786        5.24168      0.0661596        8.47838      0.0783809
UVW1            58527.9151513688        5.55519      0.0997358        8.61052       0.115973
UVW1            58539.0663865246        5.13606      0.0598654        8.68526      0.0724860
UVW1            58539.1969683920        5.08620       0.118205        8.16798       0.140217
UVW1            58551.7397208107        5.33025      0.0795395        8.29875      0.0929273
UVW1            58551.8112604157        5.40016       0.250696        8.52653       0.294216
UVW1            58551.8923927229     -0.0499522     0.00293061        0.00000     0.00285092
UVW1            58551.9369219807        5.47269      0.0932481        8.49814       0.108666
UVW1            58575.0747371647        4.89059       0.138205        8.11681       0.166110
UVW1            58575.1321811350        5.15444       0.133865        8.24707       0.158411
UVW1            58575.3334773481        4.92116       0.159209        8.16620       0.191667
UVW1            58575.4045423870        5.28749      0.0950374        8.59325       0.112910
UVW1            58575.6054034224        5.58806       0.152683        8.57006       0.176540
UVW1            58575.9258753867        5.11079       0.131335        8.31989       0.156685
UVW1            58587.8710451094        5.13522      0.0739878        8.20848      0.0875683
UVW1            58587.9391019340        5.15577      0.0788216        8.24309      0.0932731
UVW1            58611.6391223315        5.23420      0.0794679        8.16897      0.0930476
UVW1            58623.8039803924        5.23073      0.0766675        8.46853      0.0911472
UVW1            58623.8728018561        5.07391      0.0759842        8.34570      0.0910767
UVW1            58731.9031665646        5.46205      0.0731879        8.83808      0.0870748
UVW1            58743.1267964514        5.40811      0.0633524        8.49100      0.0745082
UVW1            58743.1859392114        5.57621       0.109828        8.58604       0.127899
UVW1            58755.4080707510        5.22027      0.0623446        8.39777      0.0742196
UVW1            58891.0054753493        4.99387      0.0874145        8.35329       0.105265
UVW1            58891.0580907501        5.02649      0.0934326        8.35207       0.112513
UVW1            58891.9962080503        4.96074      0.0917936        8.16432       0.110157
UVW1            59035.6647101250        5.54143       0.319401        8.63823       0.373968
UVW1            59035.8119559563        5.21583       0.100475        8.31119       0.118697
UVW1            59059.3002054896        5.32858      0.0712836        8.52614      0.0844217
UVW1            59059.3614653265        4.92891      0.0782279        8.36712      0.0952018
UVW1            59119.3132921131        5.13372      0.0587348        8.36833      0.0700305
UVW1            59131.8621865730        5.27759      0.0950081        8.38277       0.111653
UVW1            59131.9305715146        5.15539      0.0732284        8.36775      0.0869901
UVW1            59143.2263718084        5.07496      0.0627264        8.20042      0.0744471
UVW1            59143.3528847136        4.88077       0.228807        7.78313       0.271394
UVW1            59175.4752104720        4.94418      0.0896770        8.07730       0.107285
UVW1            59175.5429176036        5.00730      0.0863775        8.07036       0.102845
UVW1            59175.6036973679        4.94048       0.111512        8.10284       0.133710
UVW1            59187.8374762842        5.16817      0.0732275        8.32198      0.0864792
UVW1            59359.7551485472        5.43790      0.0763264        8.45266      0.0893599
UVW1            59359.8230745434        5.17404      0.0783915        8.40699      0.0936910
UVW1            59371.5669057104        4.93429      0.0692149        8.27000      0.0834093
