U               53556.7844293043        5.81291       0.211490        9.48208       0.246205
U               53557.3871537209        5.62621       0.183195        9.27469       0.214532
U               53558.3734521605        5.72697       0.153693        10.3376       0.181024
U               53559.5303022885        5.82328       0.209767        9.92144       0.249920
U               53560.1327106077        5.61086       0.270824        9.54190       0.321090
U               53561.4641361423        5.47902       0.284752        9.56610       0.341023
U               53562.3356511556        5.75889       0.291534        9.64863       0.342420
U               53565.0143851815        5.28809       0.242648        9.18435       0.290553
U               53568.0280204578        5.65421       0.287694        9.71828       0.341475
U               53573.0529738851        5.87360       0.290960        9.26639       0.333818
U               53627.9808180928        5.32894       0.193792        9.39202       0.231743
U               54190.9340026663        5.35289       0.250272        9.22596       0.299286
U               54190.9913361873        5.37477       0.360626        8.54680       0.417614
U               54191.6701312782        5.01317       0.261969        8.74619       0.315862
U               54191.7369762384        5.45977       0.254982        9.44263       0.304876
U               54191.8037530715        5.30273       0.251757        9.59966       0.306989
U               54192.5409866711        5.19822       0.232353        9.52468       0.284980
U               54192.6087339162        4.66540       0.263463        8.33744       0.321374
U               54192.6826977767        5.78921       0.392807        9.52436       0.459401
U               54192.7437499901        5.43112       0.258360        9.04951       0.304730
U               54192.8111074404        5.35262       0.256787        9.08624       0.305303
U               54192.9443364693        5.68031       0.338624        9.36254       0.396673
U               54524.5279654469        5.13551      0.0838170        10.0665       0.102282
U               54524.5942714466        5.04822      0.0764719        10.2361      0.0942763
U               54524.6609317386        4.90966      0.0750919        10.0698      0.0935168
U               54524.7282963376        5.15106      0.0772165        10.3994      0.0949652
U               54524.7960163150        5.06048      0.0836462        10.3298       0.103501
U               54524.8654627400        5.21123       0.125484        11.1677       0.154351
U               54524.9334324910        5.17572       0.145845        11.5706       0.179150
U               54608.7788609215        5.02700      0.0773504        9.15031      0.0935516
U               54608.9108061194        4.98980      0.0894179        9.52034       0.109093
U               55715.5103447316        4.79104       0.169930        9.40794       0.210154
U               55715.5774627645        4.98557       0.172853        9.23205       0.209284
U               55715.6446927846        4.98774       0.172987        9.07366       0.208583
U               55716.1789709274        4.97085       0.196919        9.31643       0.237964
U               55716.2471245201        5.17709       0.198085        9.28391       0.237559
U               55716.3140738006        5.02411       0.195707        9.30482       0.237814
U               55717.3173325625        4.94507       0.213883        9.51743       0.262716
U               55718.5209941226        4.85546       0.276366        9.54346       0.340662
U               55718.5353852529        4.92515       0.268128        8.57570       0.323774
U               55718.5878972304        5.17511       0.284831        9.99064       0.348138
U               55718.6539256824        4.56023       0.272727        9.30576       0.336569
U               55724.6259134351        4.89185       0.244465        8.86677       0.300206
U               55724.8253817991        4.87784       0.228491        8.50680       0.276139
U               55725.2936111470        5.02618       0.229068        8.81735       0.277107
U               55726.1547750542        4.85073       0.201785        8.46199       0.243869
U               55726.2888099179        4.57328       0.196318        8.44691       0.243564
U               55727.2901786198        4.73983       0.232945        8.36601       0.283212
U               55727.4242175319        5.02150       0.239776        8.65509       0.287841
U               55728.6989417588        4.49165       0.319523        8.60091       0.402438
U               55728.7764866999        4.81195       0.310801        8.22801       0.372950
U               55728.8373719980        4.66502       0.307143        8.45140       0.377733
U               55728.9047374763        3.48116       0.651256        7.62517       0.874504
U               55728.9761484419        4.88241       0.323857        9.10066       0.401880
U               55729.0387238585        4.91911       0.772308        9.33445       0.963472
U               55729.0964567848        5.12595       0.310814        8.62968       0.369018
U               55729.1637418792        4.84852       0.299331        9.17774       0.374070
U               55729.2303884309        5.20773       0.309538        9.33184       0.376954
U               55730.0327838445        4.65070       0.349080        8.51708       0.430664
U               55730.1707208636        5.09536       0.356527        8.84673       0.429146
U               55730.2335087033        4.93716       0.329600        8.26825       0.391170
U               55730.3100041132        4.89114       0.334399        8.39148       0.401586
U               55730.4339495008        5.04265       0.355865        9.16207       0.436333
U               55730.4987238413        6.01621       0.860551        10.8528        1.03494
U               55731.1027733106        5.00518       0.325933        8.44863       0.387883
U               55731.2442996055        4.76325       0.318491        8.46660       0.388278
U               55731.5038317745        4.76137       0.375300        8.71460       0.462156
U               55731.7078523263        4.78001       0.316270        8.41810       0.383710
U               55731.8462957218        5.24727       0.361467        8.91758       0.430785
U               55732.1730869468        5.34723       0.343932        8.96535       0.406579
U               55732.3067655056        4.93042       0.315476        8.36372       0.375886
U               55732.4396590521        5.02261       0.315396        9.14495       0.385569
U               55732.5731302281        4.75711       0.358075        8.38303       0.432333
U               55732.9749595709        4.77227       0.314688        9.24294       0.394475
U               55733.3894709940        5.37186       0.308618        9.22050       0.369069
U               55733.5109854424        5.08620       0.258989        8.74232       0.309673
U               55733.6442266386        4.38214       0.354982        7.66371       0.429081
U               55733.7815415869        4.57994       0.742186        8.58523       0.925721
U               55734.1107221292        5.24019       0.799994        8.87998       0.940790
U               55734.2462645411        5.01121       0.328363        8.74427       0.394321
U               55734.3802968818        4.61876       0.315363        8.41608       0.387166
U               55734.5133160139        5.03309       0.334560        9.07513       0.405362
U               55734.6486851382        4.39546       0.312929        8.10478       0.387400
U               55735.3808637094        6.17429       0.882562        10.7339        1.02956
U               55735.4504187917        5.18098       0.294419        9.09520       0.353482
U               55735.6508288099        5.70066       0.417554        9.53996       0.488558
U               55735.7204018286        4.89276       0.342419        8.58992       0.414338
U               55735.7890101071        4.90655       0.418157        8.64058       0.506885
U               55736.0507383184        4.67071       0.317765        8.92479       0.391277
U               55736.1184420642        5.17339       0.337721        9.56522       0.411574
U               55736.1859440519        5.75191       0.369760        9.49012       0.430127
U               55737.0555336089        5.40290       0.346896        9.50671       0.414145
U               55737.1221071198        4.47074       0.315787        8.33145       0.388876
U               55737.1888597887        5.16967       0.341387        9.47586       0.413504
U               55738.2587020416        5.20327       0.323994        9.80560       0.395362
U               55738.3937587077        5.10417       0.266765        9.15257       0.322063
U               55738.5236194287        4.90143       0.809290        10.1442        1.00293
U               55739.6017567753        4.46548       0.734010        8.56481       0.924145
U               55739.7343723183        4.90453       0.263328        8.46565       0.315846
U               55739.7453951486        4.98229       0.264875        8.69206       0.319862
U               55739.8664357816        4.73394       0.402508        9.02851       0.501836
U               55740.7975433739        4.70999       0.800623        9.71106       0.981240
U               55740.8675549091        4.81189       0.349279        9.54218       0.435715
U               55740.9342160164        5.56148       0.375363        10.1319       0.448264
U               55741.1981231710        4.44183       0.802426        10.3737        1.01363
U               55741.2670171680        5.37148       0.353258        10.6020       0.432182
U               55741.3341171024        5.10500       0.335689        10.1221       0.411668
U               55742.2012419100        5.11947       0.844801        9.94247       0.992285
U               55742.3382081264        5.03427       0.264966        9.52330       0.320812
U               55742.4858668996        5.61602       0.534751        9.17575       0.625754
U               55743.2080282937        5.51511       0.839874        10.3124        1.01078
U               55743.3426595470        4.89156       0.265535        8.98829       0.321280
U               55743.4060253464        4.57531       0.480567        9.68056       0.592101
U               55744.6107326113        5.05783       0.824017        10.6896        1.02755
U               55744.7460016245        5.06801       0.269747        9.88254       0.330207
U               55744.8101035790        4.80483       0.518090        10.4892       0.639545
U               55745.4943208741        5.20153       0.786062        8.60243       0.926609
U               55745.6188509511        5.36162       0.267323        9.16461       0.316750
U               55745.6796238800        4.74898       0.531701        9.77140       0.644943
U               55750.1029271022        4.64955       0.257144        8.39901       0.314652
U               55750.2301933640        4.85609       0.287406        9.15950       0.347357
U               55754.1147929113        5.23397       0.270532        9.11427       0.323296
U               55754.2428653962        4.91465       0.271718        9.81385       0.332923
U               55758.0535493889        5.08233       0.398455        10.5126       0.487009
U               55758.2542847199        4.97579       0.405524        10.8024       0.499275
U               55758.5215417445        4.65268       0.393170        10.0129       0.490729
U               55758.7217866676        5.07022       0.391968        10.4307       0.474441
U               55762.0669478732        5.38275       0.400552        10.6105       0.478239
U               55762.1349143521        4.82921       0.289284        10.0127       0.355300
U               55766.0173952472        4.38351       0.278819        9.98729       0.348083
U               55766.0831098855        5.02421       0.313904        11.0653       0.387972
U               55770.3006241312        5.07547       0.311365        10.9740       0.383744
U               55770.5056199082        5.10578       0.273788        9.58068       0.327852
U               55775.1876148782        5.64134       0.434873        10.5647       0.512811
U               55775.2553107929        5.20595       0.322805        9.74693       0.384848
U               55775.3218016434        4.99838       0.416241        10.3971       0.515737
U               55780.0043308306        4.95614       0.425706        10.2178       0.525589
U               55780.3378369045        5.38805       0.488792        10.8668       0.593102
U               55780.5416023647        5.17787       0.411055        10.2469       0.505513
U               55780.6798678278        5.47537       0.538608        10.0387       0.653268
U               55784.3016317855        4.53016       0.393151        8.61665       0.491771
U               55784.6363884239        4.76660       0.397189        8.93803       0.492995
U               55784.7035953035        4.79017       0.422498        8.74753       0.517963
U               55784.9701313991        5.29032       0.463860        8.78784       0.545521
U               55788.2382203001        5.85901       0.285013        9.86104       0.333683
U               55788.6381952474        5.19818       0.276813        9.05567       0.330174
U               56924.3530980488        4.79359      0.0620491        9.81098      0.0764358
U               56924.8879169622        4.69039      0.0608732        9.49455      0.0756426
U               56924.9541250304        4.78963      0.0600092        9.49088      0.0738365
U               57540.3223203449        5.04592       0.245533        8.89042       0.297469
U               57540.3880460323        4.84359       0.236296        8.34738       0.284300
U               57540.4540207912        4.95091       0.238986        8.48729       0.286573
U               57540.5219361829        5.06796       0.252878        8.49584       0.300446
U               57828.6346756783        4.38620      0.0686106        8.15483      0.0854795
U               57828.6946692220        4.66182       0.246060        8.24431       0.299425
U               57831.0206721909        4.35966       0.192722        7.70924       0.234891
U               58248.6415113634        4.23858      0.0672354        8.03895      0.0841834
U               58248.7095600818        4.58179      0.0780993        8.00950      0.0948626
U               58260.1361615891        4.24783      0.0912130        7.85247       0.113785
U               58260.6772161820        4.63352      0.0755225        8.05857      0.0915868
U               58272.4901853148        4.36583      0.0906881        8.05778       0.112884
U               58272.5561612034        4.33812      0.0826567        7.86827       0.102166
U               58272.6221272578        4.49658      0.0842036        8.18645       0.104070
U               58284.3185926466        4.32942      0.0674224        8.06630      0.0843078
U               58284.5763092898        4.40190      0.0692153        8.24005      0.0856860
U               58296.0039779004        4.48468       0.115125        8.19696       0.142435
U               58296.0623723078        4.43833      0.0798290        8.82707      0.0997319
U               58308.2866462274        4.35775       0.103222        8.76902       0.129460
U               58308.4211256527        4.48455       0.111484        8.30682       0.137069
U               58308.5512842978        4.55917      0.0886006        9.36252       0.110827
U               58320.1117197983        4.45707      0.0671548        8.95172      0.0846006
U               58320.1762977378        4.70994      0.0824708        9.06405       0.101366
U               58332.3317216584        4.70632      0.0859902        8.65845       0.105320
U               58332.3957397253        4.36026      0.0664861        8.55505      0.0827468
U               58344.0866103494        4.58609       0.141056        8.56446       0.174017
U               58344.1520190886        4.50910      0.0859567        8.45458       0.106074
U               58344.8809689446        4.37578      0.0629819        8.68357      0.0785652
U               58348.8629462104        4.45914      0.0649044        9.10698      0.0805344
U               58356.8315007119        4.36336      0.0880144        10.3525       0.111900
U               58356.9001738592        4.42884      0.0723865        10.1399      0.0914780
U               58368.4670877997        4.74123      0.0819010        9.36277       0.101114
U               58388.5826463574        4.48098      0.0751339        8.43235      0.0925318
U               58388.6461722311        4.65088      0.0680091        9.11065      0.0837335
U               58408.7697692891        4.40403      0.0815413        9.79405       0.102339
U               58408.8393741674        4.74242      0.0765097        10.4660      0.0950757
U               58416.4865398407        4.42557      0.0840883        10.4445       0.106581
U               58416.5542486375        4.45119      0.0944916        10.4822       0.119593
U               58416.6223512520        4.48909       0.134990        10.0068       0.168872
U               58428.1065171636        4.53273      0.0588226        9.04908      0.0733451
U               58428.3019855530        4.52698      0.0863448        8.51585       0.106011
U               58440.5801848811        4.22934      0.0557712        8.08190      0.0696898
U               58440.6392067834        4.55723       0.112338        8.17882       0.136748
U               58452.4052408785        4.41688       0.117613        9.56501       0.149311
U               58452.6710927598        4.47511       0.114143        9.00961       0.141600
U               58452.8048331197        4.27487       0.107273        9.48808       0.137503
U               58500.2157189054        4.45936      0.0722349        8.49855      0.0907765
U               58500.2759887720        4.35522      0.0959202        8.00414       0.119168
U               58500.4163705874        4.39898      0.0983016        8.37833       0.123841
U               58510.5770552694       0.121494       0.252778        1.30335       0.366721
U               58511.4938061195        3.76181       0.677183        8.42658       0.916972
U               58511.5625054915        4.12911       0.707915        8.91460       0.942009
U               58512.5728748762        5.67303       0.824152        9.14368       0.953491
U               58512.8315551090        4.20845       0.710657        8.24694       0.907549
U               58512.9023808613        3.81097       0.674623        7.55085       0.869900
U               58524.5932572149        4.63994      0.0724105        8.74465      0.0901881
U               58524.6581781525        4.39141      0.0722205        8.35522      0.0908046
U               58632.5780107719        4.39781      0.0797657        7.87753      0.0980400
U               58632.6268318128        4.69915      0.0832771        8.30718       0.102936
U               58632.6912621949        4.46054      0.0971848        8.29338       0.121125
U               58644.9217928872        4.58127      0.0760102        7.89896      0.0917676
U               58644.9766423884        4.45652      0.0813289        8.29736       0.100730
U               58652.7439244865        3.93162      0.0614036        8.37811      0.0795490
U               58652.8098383248        4.68963       0.109803        8.64078       0.135010
U               58656.0609827619        4.73950       0.106610        9.12658       0.132683
U               58656.2607431561        4.33063       0.113054        8.74145       0.141455
U               58656.3271497735        5.18866       0.113576        9.54637       0.140275
U               58656.3923725840        4.44694      0.0964717        9.42486       0.123485
U               58672.4759345697        4.90970      0.0577046        8.48060      0.0709986
U               58684.0232659723        5.25128       0.139872        9.29684       0.172993
U               58684.5506604118        4.65723       0.552360        9.45128       0.689430
U               58684.6913620303        5.18785      0.0941880        8.99214       0.115611
U               58704.7446205691        4.51878      0.0572900        8.46979      0.0707214
U               58704.8116541654        4.92260       0.122430        8.50120       0.146182
U               58716.0985381738        4.56912       0.126454        9.78011       0.159069
U               58716.9525586823        5.15995       0.115948        10.6569       0.145358
U               58756.2773612528        4.73004      0.0851716        9.36095       0.106997
U               58768.0191429313        4.29084      0.0611695        10.2786      0.0783862
U               58768.8230766426        4.71220       0.104927        10.3564       0.131989
U               58780.9789259476        4.65509      0.0616422        9.58242      0.0761290
U               58800.7524942285        4.13233      0.0703836        8.14764      0.0887281
U               58800.8188719149        4.49513      0.0758121        8.44507      0.0935671
U               58824.1976980632        4.35425      0.0655452        9.71958      0.0832389
U               58824.7343083676        4.27341      0.0965180        10.7484       0.124068
U               58884.2985819322        3.79634      0.0768573        8.40490      0.0983801
U               58884.6968845017        4.16845      0.0791411        9.52956       0.101326
U               58896.9085823642        4.23979      0.0579286        8.28341      0.0729621
U               58896.9702781495        4.31368       0.151810        7.86787       0.188043
U               58908.9822549974        4.10827      0.0543215        7.72864      0.0681575
U               58932.6894340189        4.58919      0.0784251        8.21201      0.0961221
U               58952.5506694242        4.41118      0.0728078        7.92007      0.0895301
U               58952.6695428579        4.39704      0.0692049        7.87121      0.0850279
U               58964.5488497484        4.47041      0.0939019        7.85906       0.114380
U               58964.6171915252        4.31903      0.0672593        7.88235      0.0832944
U               58976.2334407540        4.44526       0.122750        7.93251       0.150266
U               58976.3183939699        4.18799       0.126423        7.50125       0.155633
U               58976.4359691306        4.39446      0.0826706        7.95823       0.102099
U               59068.3987936345        4.17096      0.0554277        8.26233      0.0699124
U               59080.1492785881        4.90497      0.0614591        9.55383      0.0769107
U               59080.2223173939        4.81001       0.111079        8.88095       0.136269
U               59092.8372060442        4.43119      0.0592098        8.56171      0.0747712
U               59188.1064999588        5.31876       0.139498        10.5059       0.178392
U               59252.5562966387        4.31591      0.0549069        8.04350      0.0685293
U               59284.4233430708        4.47968       0.113203        8.12120       0.139381
U               59284.4741256498        4.37981       0.136587        7.78486       0.167104
U               59296.1777633778        4.45853       0.119525        8.15428       0.147880
U               59296.7681212751        4.08341      0.0819040        7.59693       0.102347
U               59296.9708261462        4.27097       0.167108        7.87879       0.207999
U               59296.9805773189        4.44334       0.123427        8.43267       0.151587
U               59308.5264426703        4.42667      0.0787418        8.03874      0.0971296
U               59308.9928041538        4.44228      0.0995019        8.03012       0.122245
U               59400.9859384894        4.52751      0.0554104        7.87715      0.0670879
