V               2006.78148828818        145.444        147.775      0.0265888        6.27781       0.228820        9.09744       0.244640        969.656        29.9910        1253.47        33.7072
V               2006.78167192563        142.480        144.763      0.0372192        5.95272       0.232039        9.59412       0.253515        945.616        29.6221        1291.26        34.1203
V               2006.79063544436        78.5099        79.7680      0.0185916        6.56819       0.312236        8.96356       0.330627        528.183        22.1269        667.174        24.6092
V               2006.79082120833        83.4399        84.7770      0.0199975        6.02259       0.290791        8.15928       0.306596        524.116        22.0991        648.458        24.3667
V               2006.79651029358        131.664        133.774      0.0244282        5.88055       0.231998        8.51548       0.249124        823.651        27.7075        1065.70        31.1776
V               2006.80165126216        82.4408        83.7619      0.0301202        6.34081       0.308498        9.54868       0.332528        561.454        22.8021        743.798        25.9024
V               2006.80183820392        42.1000        42.7746      0.0356782        6.16578       0.431527        9.60420       0.466613        286.023        16.2765        381.921        18.5553
V               2006.80201819900        81.4635        82.7690      0.0400917        5.13632       0.291712        9.61132       0.335559        484.338        21.2855        739.535        25.8193
V               2006.80971633601        32.2618        32.7788      0.0349150        5.21871       0.455835        8.27014       0.496273        191.145        13.3734        253.968        15.2401
V               2006.81263835842        136.583        138.772      0.0261362        5.59000       0.223550        8.36389       0.242501        823.540        27.7421        1086.79        31.5103
V               2006.83183108072        22.4128        22.7720      0.0161692        6.15942       0.561711        8.09442       0.589308        141.373        11.4756        172.863        12.5852
V               2006.83201496586        27.3427        27.7809      0.0158940        5.19699       0.468686        7.19960       0.504303        147.912        11.7993        188.553        13.2074
V               2006.83219808343        22.4019        22.7609      0.0154117        5.86069       0.547275        7.73057       0.576570        134.712        11.2212        165.362        12.3332
V               2006.83238192524        27.3319        27.7699      0.0155014        6.24689       0.511012        8.07390       0.533000        174.220        12.7343        210.293        13.8825
V               2006.83256479127        25.3773        25.7840      0.0160086        5.92903       0.518831        8.01642       0.551251        154.503        12.0120        193.929        13.3356
V               2006.83274727186        25.3447        25.7508      0.0159253        5.58310       0.505121        7.88733       0.547321        145.931        11.6965        190.704        13.2334
V               2006.84338669729        45.0536        45.7756      0.0158032        5.96411       0.390493        8.13056       0.416538        275.216        16.0300        348.963        17.8778
V               2006.84357046830        48.9954        49.7805      0.0153598        5.76747       0.367886        7.83755       0.392452        290.167        16.4775        366.441        18.3489
V               2006.85368325886        34.2273        34.7758      0.0214166        5.60177       0.442071        8.29183       0.482419        202.323        13.7600        270.113        15.7152
V               2006.85386769359        34.2273        34.7758      0.0217646        5.42099       0.435196        7.97685       0.473537        197.120        13.5939        260.328        15.4541
V               2006.86636370444        29.1493        29.7666      0.0451168        6.00647       0.518628        10.0630       0.576851        203.455        13.8487        280.278        16.0666
V               2006.86654798370        29.1411        29.7582      0.0416820        6.14471       0.518215        9.55793       0.562797        204.890        13.8944        266.729        15.7057
V               2006.86673053371        29.1575        29.7750      0.0423306        5.74207       0.506788        10.0221       0.575641        193.968        13.5413        279.268        16.0403
V               2006.86691440529        34.0541        34.7753      0.0460506        5.85367       0.476359        10.2114       0.537467        233.405        14.8412        332.051        17.4771
V               2006.86709477039        19.3562        19.7661      0.0428509        6.78517       0.667601        10.7395       0.730374        147.824        11.7707        198.036        13.4681
V               2006.87663628512        27.2022        27.7783      0.0426208        6.64792       0.557525        10.4872       0.609111        204.258        13.8440        272.072        15.8023
V               2006.87700356873        24.2527        24.7664      0.0512930        6.40966       0.592508        10.9207       0.657750        181.977        13.0675        252.119        15.1850
V               2006.87718615184        24.2610        24.7747      0.0413379        6.24620       0.573112        10.0485       0.631862        172.360        12.7397        232.954        14.6484
V               2006.87737057731        24.2692        24.7831      0.0544916        5.87032       0.577899        11.2515       0.666998        171.697        12.7168        259.556        15.3866
V               2006.87755304969        24.2527        24.7664      0.0488111        5.15099       0.538175        9.49390       0.614917        152.161        12.0132        220.561        14.2857
V               2006.87773747250        24.2610        24.7747      0.0442368        5.73419       0.556884        9.89463       0.627185        162.564        12.3941        229.542        14.5499
V               2006.88654021829        9.57951        9.78238      0.0399155        4.98193       0.822134        8.06982       0.904451        56.5980        7.33829        74.5200        8.35207
V               2006.88672275848        9.57949        9.78236      0.0522053        6.81204       0.970634        11.6081        1.07762        75.5630        8.40630        105.533        9.79698
V               2006.88690527740        9.57951        9.78238      0.0397765        4.80779       0.811346        8.28029       0.915812        54.8360        7.22890        76.3920        8.44907
V               2006.88708971485        9.57128        9.77398      0.0503804        5.04822       0.853670        9.49016       0.978655        59.6030        7.52020        87.0110        8.97285
V               2006.88727219921        9.57130        9.77400      0.0524097        6.00695       0.919635        10.3761        1.02162        68.7100        8.04098        94.7630        9.33029
V               2006.88745666166        9.57949        9.78236      0.0488432        6.63163       0.952462        11.0824        1.05397        73.2620        8.28604        100.986        9.60412
V               2006.88892247856        9.57953        9.78240      0.0361939        5.48405       0.850358        8.75538       0.940887        60.0450        7.54670        80.6050        8.66213
V               2006.88910634897        14.4678        14.7742      0.0375777        5.46815       0.695352        9.30806       0.788593        90.7180        9.27601        129.105        10.9380
V               2006.89588489004        45.0536        45.7756      0.0421096        5.50080       0.403002        9.23867       0.442795        286.493        16.3313        393.989        18.8833
V               2006.89606744354        45.0536        45.7756      0.0340705        5.48988       0.394696        8.84971       0.433794        276.573        16.0667        378.250        18.5410
V               2006.89625045363        40.1237        40.7667      0.0360452        5.84446       0.431959        9.28192       0.470256        261.333        15.5837        352.432        17.8555
V               2006.89643162843        35.2046        35.7687      0.0274554        6.26863       0.463563        8.60632       0.484234        235.830        14.7877        287.838        16.1952
V               2006.90557278913        88.3481        89.7638      0.0149985        6.31499       0.285691        8.25234       0.299583        566.982        22.9668        694.059        25.1963
V               2006.90574567638        71.6145        72.7621      0.0146137        5.82816       0.304823        7.71282       0.322117        427.020        19.9843        527.470        22.0292
V               2006.91655340884        82.4517        83.7730      0.0146363        5.86045       0.284905        7.74908       0.300881        494.258        21.4962        610.017        23.6857
V               2006.91673778105        82.4517        83.7730      0.0148727        5.57871       0.278024        7.33778       0.293084        473.673        21.0743        579.025        23.1273
V               2006.94004474552        91.3017        92.7648      0.0222191        6.03598       0.280136        8.44065       0.297902        579.089        23.2208        732.829        25.8643
V               2006.94022872159        96.2317        97.7738      0.0246747        6.18080       0.277514        8.69401       0.294308        629.138        24.1760        794.418        26.8925
V               2006.95506170362        87.3708        88.7709      0.0145215        6.64752       0.294459        8.63222       0.307820        586.056        23.3103        716.399        25.5464
V               2006.95523766447        77.5326        78.7750      0.0144647        6.13012       0.299663        7.83810       0.311987        483.929        21.2399        579.912        23.0828
V               2006.95542487373        87.3708        88.7709      0.0143959        6.09441       0.281841        7.96781       0.296224        541.766        22.4786        663.812        24.6789
V               2006.96656462104        51.9273        52.7594      0.0144240        6.09053       0.365318        7.89041       0.382445        322.084        17.3318        390.868        18.9452
V               2006.96674771957        47.0191        47.7725      0.0138342        5.79255       0.373686        7.44430       0.390815        278.177        16.1340        334.781        17.5755
V               2006.96693021466        47.0191        47.7726      0.0143770        5.86425       0.376520        7.56262       0.393793        281.916        16.2346        339.868        17.6973
V               2006.96711461863        46.9974        47.7505      0.0144557        6.12051       0.385488        8.08296       0.406685        292.573        16.5165        361.987        18.2130
V               2006.96729717280        47.0191        47.7725      0.0142686        6.20475       0.387511        8.07621       0.406429        296.233        16.6123        361.866        18.2106
V               2006.97720385611        25.3773        25.7840      0.0144165        6.42316       0.535468        8.04278       0.552121        165.306        12.3941        194.537        13.3546
V               2006.97756368882        153.317        155.774      0.0145362        6.24099       0.215279        8.09314       0.225301        972.157        30.0869        1182.31        32.9137
V               2006.97774762536        182.831        185.761      0.0146831        5.96071       0.192937        7.87744       0.203657        1112.48        32.2332        1374.06        35.5236
V               2006.97795367784        100.163        101.768      0.0148651        6.06112       0.263147        8.08184       0.278557        618.933        24.0293        771.379        26.5871
V               2006.97814091647        159.213        161.765      0.0144685        6.04676       0.208051        7.91823       0.218782        980.956        30.2544        1202.46        33.2243
V               2006.97831964939        80.4862        81.7760      0.0145342        6.05234       0.292216        7.70948       0.303783        496.950        21.5321        592.569        23.3495
V               2006.97848744189        50.9500        51.7665      0.0148212        5.74461       0.358683        7.52653       0.377427        300.284        16.7651        366.601        18.3837
V               2006.97866974644        25.3664        25.7729      0.0153896        5.78237       0.512210        7.91768       0.548097        150.522        11.8669        191.568        13.2612
V               2006.97885271455        35.2046        35.7687      0.0143974        5.89446       0.437025        7.79236       0.461697        211.870        14.0721        261.849        15.5146
V               2006.97903668429        25.3664        25.7729      0.0150995        6.78182       0.552427        8.75413       0.575127        173.675        12.6793        210.781        13.8479
V               2006.97922634135        172.993        175.765      0.0147021        6.24633       0.203009        8.19634       0.213395        1098.16        31.9760        1350.24        35.1541
V               2006.98768705096        94.2553        95.7657      0.0143717        5.88129       0.267128        7.92390       0.284445        565.629        22.9951        712.353        25.5714
V               2006.98786584067        133.641        135.782      0.0148512        5.65976       0.220177        7.56358       0.233595        777.101        26.9821        966.111        29.8375
V               2006.98895710210        94.2445        95.7547      0.0144606        5.68052       0.262026        7.41347       0.275494        549.294        22.6833        668.372        24.8375
V               2006.98914299471        163.155        165.770      0.0149620        6.04734       0.205798        7.96815       0.216776        1006.92        30.6503        1239.64        33.7250
V               2006.98932740636        163.155        165.770      0.0148882        6.10574       0.206633        7.95027       0.216543        1016.18        30.7809        1236.99        33.6921
V               2006.99977495754        17.4828        17.7630      0.0156671        5.09478       0.581941        7.40600       0.639327        92.6760        9.34568        123.867        10.6929
V               2006.99996693881        51.9381        52.7704      0.0151164        6.40336       0.375304        8.34718       0.392873        337.775        17.7179        412.486        19.4143
V               2007.00016083403        86.3826        87.7669      0.0153947        6.47406       0.292913        8.51812       0.307610        567.387        22.9548        699.396        25.2569
V               2007.00034333470        86.3826        87.7669      0.0150660        6.05504       0.282666        7.79618       0.294813        534.664        22.3323        642.808        24.3078
V               2007.00052776383        86.3826        87.7669      0.0153775        5.91132       0.279677        7.68822       0.292842        523.921        22.1228        634.305        24.1605
V               2007.01333172334        40.1345        40.7777      0.0157343        6.30449       0.423940        8.16446       0.442209        258.198        15.4972        312.097        16.9040
V               2007.01352438900        69.6490        70.7652      0.0157247        5.89711       0.312479        8.12814       0.334965        420.872        19.8307        539.314        22.2254
V               2007.01370816403        74.5790        75.7741      0.0158584        5.73136       0.296597        7.40473       0.309517        441.244        20.3199        528.310        22.0833
V               2007.01389267866        74.5681        75.7631      0.0161960        6.03149       0.304718        7.91947       0.319711        461.714        20.7526        563.263        22.7391
V               2007.01407505768        74.5681        75.7631      0.0154749        5.85607       0.300597        7.97206       0.320729        447.807        20.4599        566.830        22.8045
V               2007.01425769594        74.5790        75.7741      0.0151694        5.41365       0.288450        7.22423       0.305858        417.497        19.8020        515.975        21.8452
V               2007.01444201111        74.5790        75.7741      0.0152985        5.67693       0.295566        7.63198       0.314054        435.563        20.1976        543.803        22.3774
V               2007.03812415894        46.0309        46.7686      0.0180259        5.94517       0.387069        7.94509       0.407552        283.600        16.2674        348.775        17.8908
V               2007.03830799990        50.9500        51.7665      0.0181616        6.16282       0.374430        8.16738       0.392544        324.282        17.3744        396.336        19.0489
V               2007.03849108674        46.0309        46.7686      0.0182936        6.13594       0.393801        8.33516       0.417033        291.576        16.4779        365.071        18.2656
V               2007.03867491493        50.9609        51.7775      0.0190334        7.06880       0.401751        9.39884       0.419767        366.881        18.3903        452.955        20.2297
V               2007.03885745323        50.9500        51.7665      0.0179967        5.98180       0.368823        7.93066       0.387040        315.701        17.1599        385.378        18.8076
V               2007.03904052223        46.0309        46.7685      0.0172622        6.46613       0.402491        8.49529       0.420853        304.505        16.8117        371.739        18.4158
V               2007.03922438311        50.9500        51.7665      0.0183281        6.75292       0.391825        8.88505       0.408699        351.644        18.0358        429.374        19.7505
V               2007.03940697157        50.9500        51.7665      0.0172766        6.14394       0.372200        7.85976       0.385374        322.542        17.3312        382.090        18.7344
V               2007.03959409137        26.3654        26.7879      0.0247646        6.17651       0.530108        8.68086       0.561862        172.371        12.6544        217.341        14.0672
V               2007.06813952948        60.7882        61.7623      0.0154368        6.50614       0.349707        8.43156       0.364904        401.442        19.3043        487.414        21.0945
V               2007.06832267685        60.7990        61.7733      0.0157963        6.01038       0.337949        8.36443       0.363477        373.576        18.6722        483.808        21.0239
V               2007.06851478476        85.3945        86.7629      0.0156451        6.20129       0.288550        8.18034       0.303442        540.677        22.4389        665.280        24.6780
V               2007.06869797233        85.4054        86.7740      0.0156076        6.28171       0.290145        8.19464       0.303677        547.114        22.5623        666.473        24.6982
V               2007.06943484342        110.012        111.775      0.0156441        5.77819       0.245539        7.70266       0.259729        653.814        24.7310        809.261        27.2878
V               2007.06961149407        60.7990        61.7733      0.0158296        5.90611       0.333501        7.68082       0.348897        369.135        18.5688        446.035        20.2609
V               2007.06980535123        95.2435        96.7698      0.0160174        6.59711       0.281913        8.63687       0.294899        638.198        24.3262        781.351        26.6786
V               2007.07550166144        110.989        112.767      0.0160237        5.93315       0.247880        7.90319       0.261797        676.357        25.1317        836.729        27.7171
V               2007.07568414236        111.000        112.779      0.0158219        6.34866       0.256251        8.43342       0.270068        717.488        25.8289        890.209        28.5077
V               2007.07586861259        110.989        112.767      0.0159060        5.89185       0.246906        7.80863       0.260287        672.184        25.0595        827.172        27.5723
V               2007.07605107691        110.989        112.767      0.0163160        6.24354       0.254672        8.42601       0.269968        707.926        25.6690        889.378        28.4955
V               2007.07623145964        96.2208        97.7627      0.0158489        5.59900       0.258791        7.54690       0.275002        556.522        22.8379        694.130        25.2934
V               2007.07641667768        106.070        107.770      0.0160827        6.03479       0.255623        7.96759       0.268845        656.719        24.7501        805.859        27.1915
V               2007.07660057069        110.989        112.767      0.0161106        6.18669       0.253187        8.23865       0.267074        702.229        25.5731        870.547        28.2207
V               2007.07677825790        86.3826        87.7669      0.0159197        6.02163       0.283067        8.02952       0.299019        533.249        22.3048        661.150        24.6212
V               2007.08077912324        23.3901        23.7649      0.0153878        6.38988       0.558151        8.18238       0.579865        152.075        11.8886        182.268        12.9169
V               2007.08096183090        11.5756        11.7611      0.0157072        6.74827       0.816590        8.70573       0.849121        79.0970        8.55736        95.6820        9.33243
V               2007.08114564161        16.5055        16.7700      0.0153563        5.86513       0.640950        8.29427       0.694795        99.0250        9.62155        130.294        10.9145
V               2007.08132872513        11.5756        11.7611      0.0152035        6.78805       0.820097        9.03643       0.864387        79.1970        8.56233        99.1270        9.48208
V               2007.08151258899        16.5055        16.7700      0.0167851        6.91327       0.692552        8.75519       0.713023        115.789        10.3426        137.168        11.1710
V               2007.08169517118        16.5055        16.7700      0.0155461        6.79728       0.685087        8.58560       0.706381        113.562        10.2508        134.643        11.0778
V               2007.08187812291        11.5756        11.7611      0.0147615        6.98392       0.829648        9.03010       0.864099        81.2330        8.66275        99.0610        9.47924
V               2007.08206263810        11.5756        11.7611      0.0155631        6.51352       0.801956        8.40798       0.835092        76.6060        8.43215        92.5690        9.19408
V               2007.08224510333        11.5430        11.7280      0.0156708        5.57293       0.743876        7.31830       0.782305        66.4990        7.89552        80.8560        8.64327
V               2007.08242956676        11.5865        11.7721      0.0162751        6.24593       0.784903        7.91441       0.810821        74.1500        8.30647        87.4670        8.96088
V               2007.08261208653        11.5756        11.7611      0.0146898        6.47332       0.798725        8.47018       0.838046        75.8260        8.39242        93.2200        9.22326
V               2007.08279463672        11.5864        11.7721      0.0148824        5.16455       0.713232        6.66921       0.746598        62.2210        7.65460        74.2430        8.31128
V               2007.08297905296        11.5865        11.7721      0.0152923        6.01384       0.771357        8.01719       0.815862        71.2390        8.15371        88.5500        9.01120
V               2007.08316157167        11.5973        11.7831      0.0158059        5.73711       0.754187        7.68779       0.799203        68.5460        8.00918        85.1540        8.85240
V               2007.08334597672        11.5973        11.7832      0.0161032        5.04584       0.708670        6.82040       0.754379        61.2680        7.59957        75.9300        8.39834
V               2007.08356545785        106.059        107.759      0.0161773        5.90369       0.253393        8.00724       0.269500        643.676        24.5206        809.600        27.2488
V               2007.08374797606        106.059        107.759      0.0160808        5.95745       0.253504        7.65940       0.263809        649.755        24.6279        775.999        26.7273
V               2007.08907303410        14.5509        14.7841      0.0155553        7.00551       0.742229        9.06121       0.771974        102.710        9.73847        124.930        10.6435
V               2007.08925688882        19.4592        19.7710      0.0163363        6.42422       0.616463        8.54708       0.649168        127.411        10.8790        158.060        12.0050
V               2007.08944002107        14.5401        14.7731      0.0154752        5.55643       0.665235        7.96310       0.725933        83.1240        8.82973        110.408        10.0650
V               2007.08962389502        19.4483        19.7600      0.0154866        5.99442       0.594502        7.95361       0.627322        119.383        10.5558        147.510        11.6345
V               2007.09017197671        14.5401        14.7731      0.0161551        5.44423       0.656803        7.31180       0.696734        82.1630        8.78190        101.763        9.69689
V               2007.09035643643        14.5509        14.7841      0.0152274        5.99646       0.684175        7.47365       0.703858        89.4850        9.13836        103.995        9.79411
V               2007.09053896996        14.5292        14.7620      0.0149306        6.27675       0.702321        8.21947       0.737334        92.6980        9.28850        113.708        10.2003
V               2007.09072336413        14.5292        14.7621      0.0157815        6.21649       0.699989        8.10750       0.732497        92.2820        9.26918        112.232        10.1399
V               2007.09090586725        14.5292        14.7620      0.0165333        6.73576       0.728719        8.59892       0.753452        99.4890        9.59645        118.696        10.4003
V               2007.09108835254        14.5292        14.7621      0.0158451        6.15257       0.697914        8.26646       0.739352        91.3380        9.22514        114.327        10.2254
V               2007.09420446835        14.5292        14.7620      0.0164764        6.38332       0.712189        8.63377       0.754911        94.5750        9.37499        119.153        10.4184
V               2007.09457147786        14.5401        14.7731      0.0162835        6.22191       0.701045        8.16753       0.734820        92.5900        9.28375        113.108        10.1762
V               2007.09475388854        14.5292        14.7621      0.0146817        5.32475       0.647411        7.08946       0.686691        79.9800        8.67176        98.7230        9.56239
V               2007.09493847608        14.5292        14.7620      0.0160013        5.71110       0.673756        7.87373       0.722278        85.4750        8.94511        109.144        10.0121
V               2007.09657594699        105.093        106.777      0.0154052        6.49848       0.265931        8.46281       0.278018        693.288        25.3698        845.627        27.7803
V               2007.09694287683        105.093        106.777      0.0158504        5.99043       0.256082        8.05612       0.271529        645.323        24.5417        806.891        27.1960
V               2007.09712000434        85.3945        86.7629      0.0153954        6.14876       0.286785        7.95024       0.299315        536.557        22.3596        647.432        24.3748
V               2007.10280697757        101.151        102.772      0.0155779        6.40768       0.269700        8.55447       0.284849        658.561        24.7387        822.288        27.3807
V               2007.10298989443        96.2425        97.7848      0.0158135        6.51115       0.279227        8.83521       0.296568        635.746        24.2929        806.752        27.0799
V               2007.10315338465        30.2855        30.7708      0.0164668        6.60208       0.500434        8.61167       0.522236        203.494        13.7349        247.765        15.0252
V               2007.10334179501        45.0645        45.7866      0.0155505        6.58435       0.408143        8.35920       0.422064        301.295        16.7159        358.387        18.0953
V               2007.10352836570        59.8000        60.7583      0.0157738        5.86303       0.335145        7.66386       0.351426        360.595        18.3572        437.780        20.0744
V               2007.10371607841        65.1860        66.2306      0.0151648        5.91001       0.321748        7.68198       0.336977        394.883        19.2070        478.288        20.9805
V               2007.10519924464        14.5292        14.7620      0.0148405        4.90438       0.623029        6.72257       0.669291        74.3490        8.37961        93.8150        9.34010
V               2007.11650330533        54.8918        55.7714      0.0155899        6.51714       0.367977        8.30585       0.381249        363.544        18.3685        433.889        19.9161
V               2007.11668978743        69.6490        70.7651      0.0159469        5.88525       0.311269        7.71306       0.326636        421.589        19.8464        513.009        21.7251
V               2007.11687778159        89.3362        90.7678      0.0160066        6.66289       0.291986        8.50183       0.302205        604.643        23.6687        721.995        25.6639
V               2007.11706222156        89.3363        90.7678      0.0155665        6.26289       0.282822        7.99596       0.293444        571.273        23.0566        681.031        24.9932
V               2007.11724473691        89.3362        90.7678      0.0153968        5.51985       0.266536        7.48589       0.284289        509.080        21.8536        639.483        24.2854
V               2007.11742914751        89.3362        90.7678      0.0152211        6.13431       0.279727        7.86008       0.291038        559.712        22.8393        669.987        24.8078
V               2007.11761349850        90.3244        91.7718      0.0156897        6.19385       0.279962        7.98349       0.291616        571.973        23.0791        687.540        25.1140
V               2007.11779601070        90.3244        91.7718      0.0151717        6.02939       0.276013        7.80700       0.288500        557.098        22.7989        673.031        24.8712
V               2007.12314801173        90.3244        91.7718      0.0154302        5.99513       0.275709        7.90097       0.290164        554.503        22.7495        680.760        25.0010
V               2007.12387131808        134.607        136.764      0.0152854        6.57944       0.236528        8.64195       0.248130        896.860        28.8440        1104.90        31.7241
V               2007.12405386491        134.629        136.786      0.0154395        6.05437       0.226773        7.90685       0.237757        833.819        27.8881        1015.40        30.5326
V               2007.12423641291        134.607        136.764      0.0157292        6.21070       0.230056        8.21227       0.242141        853.434        28.1901        1052.58        31.0356
V               2007.12442077889        134.618        136.775      0.0154799        6.54770       0.235685        8.42466       0.245113        894.807        28.8136        1078.56        31.3804
V               2007.12457092489        16.5055        16.7700      0.0154043        6.77901       0.684421        8.64171       0.708587        113.167        10.2344        135.479        11.1088
V               2007.13156487498        126.745        128.776      0.0155943        5.76563       0.228650        7.77485       0.243065        751.196        26.5114        940.699        29.4090
V               2007.13173247802        109.023        110.771      0.0152252        6.14455       0.253754        8.01499       0.265934        683.619        25.2403        832.997        27.6386
V               2007.13191500548        109.034        110.782      0.0152665        6.08760       0.252822        8.04781       0.266444        677.813        25.1408        836.332        27.6889
V               2007.13210077243        113.953        115.779      0.0154959        6.40425       0.253417        8.28487       0.264285        742.476        26.2669        898.573        28.6642
V               2007.13230338630        136.562        138.750      0.0154725        6.06927       0.225192        7.77382       0.234151        848.767        28.1334        1013.43        30.5249
V               2007.13248780967        138.549        140.769      0.0156835        6.14009       0.225159        7.96011       0.235126        870.409        28.4787        1051.67        31.0644
V               2007.14218748046        109.023        110.771      0.0151260        6.19769       0.254918        8.12768       0.267723        688.520        25.3240        844.156        27.8062
V               2007.14237188201        109.023        110.771      0.0155969        6.22025       0.255358        8.03675       0.266281        692.609        25.3936        835.153        27.6711
V               2007.14255439392        109.013        110.759      0.0154279        6.28300       0.256700        8.18407       0.268626        697.858        25.4823        849.650        27.8881
V               2007.14273691441        109.023        110.771      0.0156430        6.34391       0.258157        8.32443       0.270812        704.189        25.5891        863.605        28.0949
V               2007.14294791366        76.5228        77.7490      0.0150571        6.14457       0.302586        7.92570       0.315720        479.848        21.1465        578.461        23.0430
V               2007.14350110849        42.1000        42.7747      0.0150766        6.13291       0.408262        8.10741       0.430312        263.271        15.6651        325.201        17.2605
V               2007.14368826218        17.4937        17.7740      0.0153753        6.32771       0.641531        7.96965       0.662081        112.852        10.2444        132.940        11.0440
V               2007.23255153621        515.516        523.777      0.0148226        6.04823       0.115795        7.99673       0.122163        3180.40        54.4734        3930.26        60.0408
V               2007.23273433284        535.181        543.757      0.0149949        6.05951       0.113714        7.94753       0.119542        3309.85        55.5660        4056.24        61.0117
V               2007.23291842636        515.505        523.766      0.0149251        6.09651       0.116163        7.94464       0.121781        3206.13        54.6773        3905.76        59.8702
V               2009.02879270390        90.3244        91.7718      0.0152547        6.17736       0.279422        7.99502       0.291818        569.438        23.0317        688.487        25.1297
V               2009.02897524253        90.3353        91.7829      0.0150928        6.15510       0.279638        8.31714       0.297383        566.087        22.9689        714.974        25.5642
V               2009.02915975001        90.3353        91.7829      0.0152411        5.75725       0.270192        7.66554       0.285957        534.083        22.3561        661.460        24.6753
V               2009.02934226557        90.3244        91.7718      0.0149814        6.18687       0.279831        8.15886       0.294673        568.976        23.0230        701.928        25.3515
V               2009.02952481888        90.3244        91.7718      0.0150443        6.00295       0.275596        7.87352       0.289679        554.391        22.7474        678.503        24.9632
V               2009.16278483601        36.1927        36.7727      0.0143511        5.98466       0.433685        7.76144       0.454482        220.895        14.3616        268.179        15.7036
V               2009.16296297859        95.2543        96.7808      0.0146308        6.01208       0.268393        7.93970       0.283220        583.835        23.3448        721.273        25.7288
V               2009.16314601102        90.3244        91.7718      0.0144746        6.05952       0.276759        8.04871       0.292757        557.087        22.7987        692.894        25.2028
V               2009.16332990489        95.2543        96.7808      0.0148429        5.83553       0.264689        7.75834       0.280092        569.118        23.0694        705.541        25.4715
V               2009.16351365227        85.4162        86.7850      0.0149069        5.72285       0.276697        7.56237       0.292165        501.716        21.6730        617.394        23.8524
V               2012.14087803951        110.012        111.775      0.0139773        5.60686       0.240809        7.39037       0.254605        631.878        24.3407        777.865        26.7982
V               2012.14105514971        90.3244        91.7718      0.0142460        5.55642       0.264764        7.32183       0.279727        515.487        21.9896        632.992        24.1832
V               2012.46018913240        41.1227        41.7817      0.0506227        5.60754       0.435350        10.1304       0.484248        273.930        15.9410        392.306        18.7528
V               2012.46038022686        65.7290        66.7822      0.0447706        5.35884       0.333681        9.76829       0.376461        412.672        19.6097        605.893        23.3506
V               2012.46055763158        55.8908        56.7864      0.0480191        5.94869       0.379607        10.0620       0.414040        386.516        18.9075        529.803        21.8007
V               2012.46076311942        139.537        141.773      0.0352091        5.74443       0.229231        9.07874       0.249519        892.984        28.8259        1200.22        32.9867
V               2012.46092944075        80.4862        81.7760      0.0465439        6.20515       0.322270        10.7357       0.355787        570.245        22.9429        810.894        26.8735
V               2012.46111250152        75.5563        76.7671      0.0493793        5.33615       0.315469        10.4069       0.361843        480.893        21.1580        739.302        25.7052
V               2013.12598002705        57.8454        58.7724      0.0137203        5.58256       0.331033        7.28800       0.348765        330.804        17.6143        403.586        19.3135
V               2013.12617439320        124.780        126.779      0.0140538        4.82502       0.210633        6.71937       0.228330        626.128        24.3313        805.333        27.3660
V               2013.12632652463        112.954        114.764      0.0139835        5.68723       0.239218        7.43394       0.251979        657.295        24.8146        803.177        27.2243
V               2013.12689763383        99.1635        100.753      0.0138600        5.66431       0.254526        7.29750       0.266541        575.139        23.2146        692.725        25.3018
