U               53784.9288647142        1.83128      0.0193096        4.28416      0.0238822
U               53788.5218316289        1.94588      0.0392753        3.91897      0.0470320
U               53789.5258606733        1.90389      0.0606484        3.84827      0.0724546
U               53790.5313867275        1.98520      0.0507919        4.04676      0.0610591
U               53791.5358279548        1.82845      0.0390165        3.82852      0.0470330
U               53792.7748309090        1.81199      0.0576449        3.93779      0.0703100
U               53793.5400712364        1.95565      0.0936792        4.03375       0.112217
U               53794.3532687789        1.88491      0.0478770        4.07802      0.0584104
U               53796.5232846835        1.92122      0.0472621        4.17344      0.0574240
U               53797.2301040785        1.90110      0.0406983        4.12857      0.0493478
U               53802.5182194114        1.92146      0.0500113        4.52560      0.0617364
U               53803.4284216021        1.81753      0.0516656        4.38420      0.0640514
U               53805.2707345560        1.86018      0.0458655        4.54460      0.0568811
U               53808.5530658104        1.86680      0.0625106        4.90025      0.0788796
U               53809.1431054580        1.97965      0.0561469        5.03442      0.0699203
U               53810.1472892496        1.98666      0.0565529        5.18155      0.0709856
U               53811.3850223129        1.88822      0.0558550        5.28424      0.0708583
U               53814.9012859748        1.85518      0.0450355        5.53377      0.0575459
U               53815.1367309690        1.90335      0.0400048        5.58202      0.0508888
U               53942.2252145591        1.97883      0.0380266        4.62970      0.0470015
U               54508.3439746751        1.75044      0.0608293        4.71060      0.0768998
U               55545.6131941332        1.65149      0.0495578        3.00504      0.0585486
U               55743.9234543312        1.55996      0.0588099        6.09610      0.0790186
U               56216.8982560365        1.63191      0.0462712        2.98317      0.0552120
U               56550.7291486594        1.60445      0.0444374        2.98602      0.0533707
U               56672.5343815326        1.62980      0.0451698        3.76307      0.0562796
U               56870.8065838572        1.73261      0.0503148        3.71305      0.0617717
U               56915.8156031938        1.65542      0.0570051        2.95172      0.0673709
U               56918.3501884597        1.54193      0.0690760        2.88467      0.0830369
U               56945.4404260279        1.65411      0.0548059        3.00706      0.0653539
U               56950.2725977688        1.61202      0.0667628        2.94239      0.0796654
U               56953.0306475149        1.65610       0.113904        2.93222       0.134349
U               57327.9901980194        1.33578      0.0479368        2.57307      0.0573344
U               57332.7763050180        1.87372       0.122655        3.41478       0.146159
U               57334.6355108442        1.57000       0.108086        3.06109       0.131398
U               57425.3361356081        1.47575       0.107735        5.14084       0.141219
U               57448.3053793050        1.66265      0.0461157        4.32565      0.0582970
U               57601.0426003071        1.50246      0.0777177        3.62404      0.0974825
U               57602.6045837761        1.74212      0.0746144        3.88254      0.0924269
U               57605.5000269259        1.80294       0.131163        4.50830       0.164064
