UVW2            54021.6842429182       0.277222      0.0235764       0.346640      0.0281970
UVW2            54021.7514101649       0.233743      0.0218217       0.330570      0.0275433
UVW2            54025.0272162682       0.271963      0.0310722       0.338434      0.0367695
UVW2            54025.0949205332       0.244919      0.0286694       0.331997      0.0351601
UVW2            54027.1714390134       0.294822      0.0248541       0.372227      0.0293621
UVW2            54029.0506379209       0.192226      0.0263635       0.301019      0.0348932
UVW2            54029.1201106310       0.291404      0.0448200       0.382436      0.0549139
UVW2            54029.1846914948       0.231979      0.0287142       0.358326      0.0374458
UVW2            54031.3226121948       0.189550      0.0633874       0.308304      0.0847000
UVW2            54031.3890644638       0.291402      0.0591767       0.326972      0.0665125
UVW2            54031.9978913181       0.161816      0.0395288       0.218100      0.0503739
UVW2            54033.0620737844       0.274992      0.0236778       0.318369      0.0271714
UVW2            54036.0605721688       0.201743      0.0363523       0.242018      0.0423413
UVW2            54040.0755768172       0.285375      0.0577587       0.328129      0.0648418
UVW2            54040.1425948478       0.308284      0.0543871       0.315791      0.0580377
UVW2            54040.2096241824       0.286345      0.0577439       0.321701      0.0640578
UVW2            54040.2766263732       0.236290      0.0486528       0.298971      0.0580082
UVW2            54040.3434828068       0.247064      0.0515947       0.290434      0.0591526
UVW2            54040.4101402238       0.285624      0.0552168       0.332927      0.0627195
UVW2            54043.1542774728       0.289033      0.0549040       0.383152      0.0654118
UVW2            54043.2212877790       0.153474      0.0637157       0.213563      0.0804304
UVW2            54044.2956110789       0.329475      0.0445387       0.379143      0.0499370
UVW2            54044.3625995512       0.250720      0.0372774       0.315317      0.0439222
UVW2            54048.0567395920       0.274551      0.0473120       0.300805      0.0535603
UVW2            54048.1240988802       0.233561      0.0442098       0.319095      0.0550613
UVW2            54052.6884124824       0.244961      0.0502655       0.257313      0.0586152
UVW2            54052.7557267896       0.262378      0.0517037       0.274584      0.0598174
UVW2            54052.8224029364       0.328589      0.0569429       0.371432      0.0663996
UVW2            54052.8894162741       0.371054      0.0556550       0.401574      0.0633982
UVW2            54052.9557322799       0.270251      0.0640263       0.334718      0.0781490
UVW2            54056.4405321470       0.274613      0.0538367       0.341001      0.0651748
UVW2            54056.5747753647       0.382208      0.0665405       0.466920      0.0789057
UVW2            54056.6414641798       0.371512      0.0661963       0.412356      0.0765470
UVW2            54056.7088193242       0.392141      0.0681670       0.362791      0.0742922
UVW2            54056.7754734731       0.295333      0.0597946       0.352548      0.0719019
UVW2            54056.8428336703       0.360512      0.0650375       0.396149      0.0747455
UVW2            54060.0584693626       0.223948      0.0837254       0.237412      0.0991690
UVW2            54060.1251412923       0.356312       0.101929       0.417131       0.120156
UVW2            54060.1918074447       0.266694      0.0899023       0.231970      0.0984935
UVW2            54060.2591727329       0.357222       0.101888       0.374599       0.115318
UVW2            54060.3258256712       0.395547       0.106251       0.328170       0.109618
UVW2            54060.3932003924       0.347617       0.100056       0.413456       0.117892
UVW2            54060.9285953087       0.437851       0.111562       0.407914       0.119368
UVW2            54060.9956083181       0.241301      0.0710912       0.280173      0.0863941
UVW2            54063.4705692059       0.316863      0.0447755       0.359683      0.0518442
UVW2            54063.5372413881       0.331050      0.0457237       0.325516      0.0502412
UVW2            54063.6042378368       0.320114      0.0481145       0.373804      0.0566440
UVW2            54063.6705526500       0.235572      0.0440884       0.300827      0.0538826
UVW2            54067.0077895285       0.291691      0.0299848       0.326078      0.0335646
UVW2            54067.0714259259       0.291398      0.0331343       0.300341      0.0358027
UVW2            54071.0186292576       0.303475      0.0313149       0.353280      0.0352374
UVW2            54071.0859724702       0.305391      0.0313860       0.363556      0.0356158
UVW2            54079.5985888001       0.277918      0.0291531       0.316157      0.0332855
UVW2            54079.6656406773       0.294595      0.0291462       0.344314      0.0335093
UVW2            54085.0836336268       0.278238      0.0293845       0.317369      0.0330837
UVW2            54085.1482069143       0.299362      0.0321786       0.336767      0.0357815
UVW2            54085.2162921685       0.300821      0.0304499       0.363262      0.0349463
UVW2            54089.2861375371       0.223499      0.0344040       0.300694      0.0417355
UVW2            54089.3531599031       0.322360      0.0427431       0.396465      0.0490991
UVW2            54089.4198159808       0.326048      0.0430149       0.372239      0.0479071
UVW2            54089.4871695973       0.370188      0.0455334       0.398619      0.0490156
UVW2            54089.5538475071       0.346551      0.0441150       0.387060      0.0483425
UVW2            54093.1733587179       0.508088       0.144982       0.535640       0.153524
UVW2            54093.3032797053       0.266648      0.0434170       0.317574      0.0496002
UVW2            54093.3701118100       0.313912      0.0428608       0.344275      0.0469138
UVW2            54093.4463514597       0.457175      0.0693586       0.502480      0.0750745
UVW2            54093.5140406718       0.275352      0.0432686       0.344967      0.0504526
UVW2            54093.5802549068       0.279929      0.0611828       0.317581      0.0682076
UVW2            54093.6418844364       0.371083      0.0879812       0.397138      0.0947972
UVW2            54093.7087750882       0.255069       0.104941       0.251219       0.111830
UVW2            54093.7754925140       0.286578      0.0944544       0.273295      0.0994335
UVW2            54093.8427983061       0.416034       0.130773       0.471248       0.142435
UVW2            54093.9103351580       0.290670      0.0424875       0.348842      0.0484408
UVW2            54097.0015352662       0.234829      0.0525982       0.305023      0.0630598
UVW2            54097.0663723806       0.291049      0.0484785       0.328922      0.0540317
UVW2            54097.4654223425       0.372107      0.0647791       0.424637      0.0717374
UVW2            54097.5325044668       0.382778      0.0499869       0.426091      0.0548420
UVW2            54097.5998594193       0.314691      0.0454548       0.342635      0.0496420
UVW2            54101.4172291402       0.327446      0.0699870       0.387215      0.0791275
UVW2            54101.4863284207       0.284175      0.0384052       0.351397      0.0446179
UVW2            54101.5561311622       0.335360      0.0323390       0.364240      0.0355207
UVW2            54101.6227899166       0.218308      0.0266744       0.302692      0.0331021
UVW2            54101.6901523448       0.230331      0.0273089       0.282363      0.0321944
UVW2            54106.3681837255       0.294822      0.0448852       0.347021      0.0511195
UVW2            54106.4376794393       0.298354      0.0339499       0.331593      0.0374958
UVW2            54106.5046619098       0.305618      0.0334523       0.346168      0.0374951
UVW2            54106.5720563238       0.295636      0.0327949       0.333971      0.0365769
UVW2            54106.6386703984       0.207099      0.0281009       0.241023      0.0326207
UVW2            54106.7053786400       0.314147      0.0339296       0.388302      0.0394236
UVW2            54106.7726941905       0.333616      0.0349595       0.406388      0.0403535
UVW2            54115.4234403963       0.265786      0.0403668       0.303994      0.0463841
UVW2            54115.4904409461       0.311171      0.0413008       0.389922      0.0488592
UVW2            54115.5574602727       0.358073      0.0466272       0.436362      0.0545336
UVW2            54115.6244569230       0.210821      0.0346582       0.282575      0.0428901
UVW2            54115.6911346586       0.319268      0.0414119       0.367710      0.0468616
UVW2            54115.7581411977       0.214096      0.0364940       0.246321      0.0424060
UVW2            54115.8251494034       0.236278      0.0361710       0.253122      0.0405759
UVW2            54115.8918361459       0.256338      0.0376167       0.273833      0.0420529
UVW2            54115.9609173052       0.295886      0.0559532       0.358743      0.0652483
UVW2            54121.7635327168       0.328643      0.0250556       0.373745      0.0279219
UVW2            54121.8307801615       0.293481      0.0242672       0.343986      0.0276183
UVW2            54121.8980244100       0.259276      0.0228276       0.298933      0.0259521
UVW2            54121.9664379233       0.192442      0.0210881       0.254431      0.0256628
UVW2            54126.3861267697       0.282971      0.0356132       0.342410      0.0409559
UVW2            54126.4530105502       0.243516      0.0329156       0.290577      0.0375879
UVW2            54126.5224526576       0.305539      0.0309606       0.374315      0.0355342
UVW2            54126.5893675969       0.288164      0.0301556       0.342065      0.0342167
UVW2            54126.8577863011       0.255659      0.0251417       0.308879      0.0289153
UVW2            54126.9237551293       0.286751      0.0357096       0.347219      0.0409897
UVW2            54126.9935346534       0.321110      0.0301978       0.372318      0.0340412
UVW2            54129.0736318310       0.308527      0.0274624       0.350860      0.0308178
UVW2            54129.1402997747       0.233584      0.0241891       0.289455      0.0285070
UVW2            54129.2076658420       0.197428      0.0223689       0.240109      0.0263417
UVW2            54129.2743229363       0.285526      0.0265051       0.330811      0.0300921
UVW2            54129.3406400513       0.306132      0.0295935       0.319577      0.0323980
UVW2            54129.4079989623       0.240256      0.0252542       0.295878      0.0298746
UVW2            54129.4750264976       0.333161      0.0284813       0.396424      0.0324753
UVW2            54129.5406507868       0.305537      0.0309496       0.386201      0.0362529
UVW2            54131.0038255253       0.258957      0.0541772       0.335355      0.0639864
UVW2            54131.0709109935       0.226852      0.0730954       0.254374      0.0825808
UVW2            54131.1379016307       0.216787      0.0602649       0.262394      0.0705119
UVW2            54131.2049190486       0.316941      0.0862662       0.404508       0.102259
UVW2            54131.2719344040       0.455307      0.0848749       0.462023      0.0888601
UVW2            54131.3386170622       0.371969      0.0770351       0.429587      0.0858124
UVW2            54131.4055917556       0.141739      0.0590213       0.232937      0.0789732
UVW2            54131.4729806180       0.313115      0.0849426       0.384881      0.0982269
UVW2            54131.5396256060       0.234301      0.0738844       0.264068      0.0830970
UVW2            54131.6070065605       0.255018      0.0769686       0.315704      0.0897536
UVW2            54131.6736713280       0.412153      0.0964058       0.426369       0.102183
UVW2            54131.7403430585       0.103725      0.0527386       0.182184      0.0739506
UVW2            54131.8077009665       0.236779      0.0743187       0.323406      0.0904378
UVW2            54131.8743717978       0.218496      0.0715439       0.344117      0.0925768
UVW2            54131.9417250305       0.413117      0.0965103       0.533097       0.112461
UVW2            54132.0190931433       0.263770      0.0261107       0.326818      0.0305389
UVW2            54132.0857562087       0.307299      0.0280378       0.366777      0.0320941
UVW2            54134.0334515953       0.389423      0.0849383       0.454633      0.0954294
UVW2            54134.1004581917       0.265547      0.0612647       0.280949      0.0671876
UVW2            54134.1674820902       0.283858      0.0731971       0.369038      0.0870237
UVW2            54134.2345073349       0.197050      0.0544208       0.281342      0.0690931
UVW2            54134.4348404491       0.330821      0.0790191       0.380903      0.0893187
UVW2            54134.5022148760       0.264544      0.0711317       0.345886      0.0853046
UVW2            54134.5688852393       0.315904      0.0768541       0.306425      0.0806126
UVW2            54134.6362341866       0.345363      0.0808280       0.408654      0.0924806
UVW2            54134.7028877013       0.217557      0.0648342       0.261926      0.0757094
UVW2            54134.7695469139       0.244099      0.0688440       0.297620      0.0809442
UVW2            54135.9077084628       0.323628      0.0778420       0.309953      0.0812977
UVW2            54136.0417528721       0.239764      0.0673046       0.303843      0.0799497
UVW2            54136.1083774921       0.348223      0.0800339       0.402816      0.0901466
UVW2            54136.1757923313       0.228306      0.0659814       0.192655      0.0676685
UVW2            54136.7114791884       0.149815      0.0548660       0.147983      0.0616219
UVW2            54136.7711970974       0.285678      0.0270480       0.347545      0.0311182
UVW2            54136.9052240336       0.294609      0.0274180       0.357895      0.0314589
UVW2            54136.9704975551       0.243890      0.0278769       0.313461      0.0330364
UVW2            54139.0472089662       0.290099      0.0277161       0.335468      0.0310903
UVW2            54139.1141584865       0.269913      0.0275772       0.309012      0.0310397
UVW2            54139.1758316918       0.205328      0.0436535       0.196842      0.0466003
UVW2            54139.2442109594       0.304195      0.0428588       0.336411      0.0473733
UVW2            54139.3119286960       0.275774      0.0354147       0.339603      0.0409911
UVW2            54139.3799783234       0.333153      0.0335291       0.370244      0.0368630
UVW2            54139.9235441862       0.456197      0.0905382       0.463629      0.0949672
UVW2            54144.0028100209       0.408269      0.0693753       0.450096      0.0752139
UVW2            54144.0511481171       0.338362      0.0408016       0.372561      0.0453363
UVW2            54144.1188222570       0.283566      0.0333215       0.294682      0.0363842
UVW2            54144.1869030488       0.246733      0.0276492       0.302113      0.0324486
UVW2            54144.2542583216       0.238359      0.0271951       0.264232      0.0307390
UVW2            54144.3209344321       0.300829      0.0300884       0.350414      0.0340390
UVW2            54144.3882898246       0.375895      0.0334564       0.417835      0.0368406
UVW2            54144.4555996996       0.272548      0.0285133       0.320029      0.0323635
UVW2            54144.5222636978       0.339899      0.0316505       0.367005      0.0344006
UVW2            54146.4770815517       0.278397      0.0288213       0.327808      0.0327496
UVW2            54146.5481175324       0.304299      0.0481908       0.372340      0.0555404
UVW2            54146.6151696085       0.291617      0.0441577       0.318197      0.0484791
UVW2            54146.6821717746       0.229854      0.0423797       0.290091      0.0501343
UVW2            54146.7399601936       0.313074      0.0250046       0.345745      0.0275911
UVW2            54146.8066361165       0.294551      0.0243235       0.314687      0.0265882
UVW2            54146.8733111457       0.253478      0.0227137       0.293387      0.0258660
UVW2            54146.9406512589       0.306540      0.0247915       0.349133      0.0277781
UVW2            54146.9989861618       0.271892      0.0667315       0.284411      0.0733811
UVW2            54149.5502706426       0.338705      0.0267282       0.366292      0.0291256
UVW2            54149.6120133712       0.297698      0.0270915       0.355265      0.0308484
UVW2            54149.6786815324       0.290243      0.0267847       0.356034      0.0309028
UVW2            54149.7463867511       0.281867      0.0258270       0.347999      0.0298883
UVW2            54149.8197192159       0.297670      0.0242632       0.351401      0.0275773
UVW2            54149.8870211761       0.255207      0.0224699       0.320004      0.0264019
UVW2            54153.4306791313       0.283318      0.0264850       0.326733      0.0298947
UVW2            54153.4980437341       0.251048      0.0251615       0.293493      0.0288729
UVW2            54153.5647063474       0.292671      0.0269704       0.348714      0.0309095
UVW2            54153.6313715591       0.269307      0.0260057       0.306254      0.0294332
UVW2            54153.7094099098       0.283885      0.0318832       0.356352      0.0374238
UVW2            54153.8482735837       0.235191      0.0653932       0.353988      0.0833283
UVW2            54153.9124688390       0.269059      0.0416950       0.312112      0.0476486
UVW2            54153.9815528109       0.342376      0.0712082       0.443594      0.0838358
UVW2            54181.3587169237       0.283006      0.0138862       0.359507      0.0162970
UVW2            54181.4253821918       0.291529      0.0140646       0.342562      0.0159412
UVW2            54181.4923938960       0.284350      0.0141717       0.354898      0.0164929
UVW2            54181.6260781521       0.317912      0.0146534       0.379393      0.0166669
UVW2            54181.6858002809       0.293698      0.0136427       0.355946      0.0156885
UVW2            54181.7601015684       0.275435      0.0136866       0.353017      0.0161115
UVW2            54842.5138202203       0.252305      0.0277465       0.285713      0.0314070
UVW2            54842.5804823688       0.284978      0.0292876       0.328937      0.0331334
UVW2            54842.6478835572       0.272586      0.0286681       0.315739      0.0325164
UVW2            54842.7145471112       0.251414      0.0277536       0.304067      0.0323248
UVW2            54842.7812242620       0.296969      0.0298967       0.329043      0.0332496
UVW2            54891.4560431857       0.291502      0.0465592       0.359136      0.0538804
UVW2            54891.5193684385       0.269568      0.0276292       0.312702      0.0311747
UVW2            54891.5863643703       0.301501      0.0298826       0.374734      0.0345305
UVW2            54891.6533873100       0.287324      0.0284565       0.336573      0.0321412
UVW2            54891.7207927625       0.269843      0.0291429       0.360081      0.0348236
UVW2            55681.4544024053       0.299102      0.0222486       0.372294      0.0261881
UVW2            55681.5884791403       0.263501      0.0211931       0.324754      0.0250787
UVW2            55979.2024066327       0.215499      0.0234093       0.259548      0.0273682
UVW2            55979.2676770845       0.266074      0.0283458       0.323010      0.0327884
UVW2            56095.8328056936       0.268947      0.0443007       0.310615      0.0528155
UVW2            56095.9018894457       0.304766      0.0366705       0.355085      0.0430870
UVW2            56095.9669754305       0.253574      0.0369962       0.328649      0.0459668
UVW2            56096.0395621425       0.275715      0.0238830       0.328764      0.0282220
UVW2            56096.1020524604       0.255452      0.0312305       0.319001      0.0385833
UVW2            56096.1690597669       0.322701      0.0354367       0.407904      0.0431208
UVW2            56339.0124415918       0.296498      0.0369927       0.342632      0.0414287
UVW2            56339.0814661626       0.217121      0.0219628       0.275751      0.0261026
UVW2            56339.1373749659       0.280535      0.0261177       0.333977      0.0301120
UVW2            56339.3463705038       0.226061      0.0249074       0.297148      0.0298345
