V               2006.78148828818        145.444        147.775      0.0265888        67.7357       0.927169        77.6648       0.590320        6659.92        57.8672        7551.24        57.3960
V               2006.78167192563        142.480        144.763      0.0372192        67.8970       0.934041        77.3902       0.595863        6577.60        57.2752        7380.59        56.8266
V               2006.79063544436        78.5099        79.7680      0.0185916        70.2511        1.27082        78.3462       0.805350        3703.19        42.5035        4098.88        42.1339
V               2006.79082120833        83.4399        84.7770      0.0199975        69.8323        1.22321        77.6183       0.779254        3927.73        43.8198        4330.41        43.4755
V               2006.80183820392        42.1000        42.7746      0.0356782        64.4005        1.62828        72.3902        1.07609        1887.40        31.1229        2088.18        31.0410
V               2006.80201819900        81.4635        82.7690      0.0400917        55.7216        1.18796        75.0140       0.781357        3135.73        42.7215        4135.90        43.0802
V               2006.80971633601        32.2618        32.7788      0.0349150        69.6514        1.98312        78.3720        1.25644        1518.73        27.2475        1684.69        27.0085
V               2006.83183108072        22.4128        22.7720      0.0161692        61.3752        2.16543        69.7645        1.45914        961.430        22.6631        1084.70        22.6868
V               2006.83201496586        27.3427        27.7809      0.0158940        73.1189        2.19677        80.3256        1.37362        1328.25        25.0528        1450.22        24.7998
V               2006.83219808343        22.4019        22.7609      0.0154117        68.3218        2.31898        75.9290        1.49498        1038.09        22.7104        1146.31        22.5699
V               2006.83238192524        27.3319        27.7699      0.0155014        64.7164        2.01596        72.1739        1.33439        1221.48        25.0748        1353.00        25.0150
V               2006.83256479127        25.3773        25.7840      0.0160086        68.1315        2.18128        76.0340        1.40514        1172.41        24.1719        1299.72        24.0194
V               2006.83274727186        25.3447        25.7508      0.0159253        64.7026        2.14128        74.3146        1.39720        1121.31        24.1380        1278.93        24.0453
V               2006.84338669729        45.0536        45.7756      0.0158032        68.8175        1.63720        76.0487        1.05463        2102.00        32.2046        2307.74        32.0035
V               2006.84357046830        48.9954        49.7805      0.0153598        67.2493        1.54736        74.6848        1.00629        2247.99        33.5866        2480.39        33.4205
V               2006.85368325886        34.2273        34.7758      0.0214166        68.1354        1.89492        76.8606        1.21348        1578.84        28.0722        1765.22        27.8694
V               2006.85386769359        34.2273        34.7758      0.0217646        68.4080        1.89530        76.8807        1.21357        1585.27        28.0718        1765.52        27.8688
V               2006.87663628512        27.2022        27.7783      0.0426208        68.2469        2.00053        78.6497        1.44921        1376.81        28.3594        1558.69        28.7206
V               2006.87700356873        24.2527        24.7664      0.0512930        68.9172        2.13554        79.4454        1.53985        1240.31        26.8170        1399.67        27.1291
V               2006.87718615184        24.2610        24.7747      0.0413379        70.4183        2.14426        79.7080        1.54124        1260.81        26.8787        1403.42        27.1367
V               2006.87737057731        24.2692        24.7831      0.0544916        68.9403        2.16682        81.3733        1.55128        1234.44        26.8058        1424.56        27.1574
V               2006.87755304969        24.2527        24.7664      0.0488111        68.8808        2.15092        80.4197        1.54594        1233.91        26.7977        1411.81        27.1397
V               2006.87773747250        24.2610        24.7747      0.0442368        63.4646        2.02187        73.9536        1.50343        1164.17        26.5554        1329.89        27.0358
V               2006.88672275848        9.57949        9.78236      0.0522053        67.2375        3.39407        79.7506        2.45317        477.857        16.7931        554.355        17.0523
V               2006.88690527740        9.57951        9.78238      0.0397765        72.6025        3.48374        81.9444        2.47467        508.533        16.9331        565.071        17.0648
V               2006.88708971485        9.57128        9.77398      0.0503804        66.1284        3.32086        77.1535        2.42776        473.847        16.7662        540.958        17.0221
V               2006.88727219921        9.57130        9.77400      0.0524097        74.2269        3.61612        86.3471        2.51670        513.574        16.9458        585.505        17.0653
V               2006.88745666166        9.57949        9.78236      0.0488432        64.0200        3.26544        75.6825        2.41124        461.577        16.6986        533.975        17.0124
V               2006.88892247856        9.57953        9.78240      0.0361939        63.1706        3.18221        72.6657        2.37833        458.101        16.6766        518.424        16.9679
V               2006.88910634897        14.4678        14.7742      0.0375777        69.7788        2.80397        81.1746        2.00760        739.971        20.7127        847.776        20.9670
V               2006.89588489004        45.0536        45.7756      0.0421096        73.1373        1.75079        82.4597        1.07729        2190.28        32.1573        2429.04        31.7340
V               2006.89606744354        45.0536        45.7756      0.0340705        66.9499        1.64954        76.7453        1.05725        2054.70        32.2059        2321.33        31.9789
V               2006.89625045363        40.1237        40.7667      0.0360452        68.2011        1.75335        77.0326        1.12145        1862.61        30.3933        2072.29        30.1687
V               2006.89643162843        35.2046        35.7687      0.0274554        68.1460        1.86420        76.6490        1.19563        1629.87        28.4698        1812.41        28.2713
V               2006.94004474552        91.3017        92.7648      0.0222191        70.6519        1.17673        78.2314       0.746515        4339.58        45.8253        4762.27        45.4435
V               2006.94022872159        96.2317        97.7738      0.0246747        67.0963        1.12030        76.0486       0.721617        4394.67        47.0690        4929.19        46.7726
V               2006.96656462104        51.9273        52.7594      0.0144240        68.1372        1.53305        76.5333       0.984055        2392.10        34.5771        2670.74        34.3400
V               2006.96674771957        47.0191        47.7725      0.0138342        70.6116        1.64839        78.7061        1.04193        2221.03        32.8915        2461.95        32.5918
V               2006.96693021466        47.0191        47.7726      0.0143770        68.6970        1.61977        77.0380        1.03598        2178.47        32.9018        2428.53        32.6581
V               2006.96711461863        46.9974        47.7505      0.0144557        69.1722        1.62194        77.1475        1.03662        2191.43        32.8922        2429.62        32.6464
V               2006.96729717280        47.0191        47.7725      0.0142686        72.1023        1.67903        80.4691        1.04798        2249.69        32.8773        2496.63        32.5145
V               2006.97720385611        25.3773        25.7840      0.0144165        70.8628        2.23322        78.2819        1.41622        1205.66        24.1599        1324.22        23.9567
V               2006.97756368882        153.317        155.774      0.0145362        68.4511       0.891577        76.4699       0.572564        7097.36        59.4128        7881.22        59.0103
V               2006.97774762536        182.831        185.761      0.0146831        69.4913       0.824786        77.4308       0.526088        8553.77        64.8726        9474.03        64.3695
V               2006.97795367784        100.163        101.768      0.0148651        71.6944        1.13682        79.3580       0.715425        4791.10        47.9863        5272.07        47.5285
V               2006.97814091647        159.213        161.765      0.0144685        68.9934       0.887447        77.8014       0.564482        7382.41        60.5439        8275.39        60.0415
V               2006.97831964939        80.4862        81.7760      0.0145342        70.1950        1.25921        78.6429       0.796198        3781.85        43.0389        4212.17        42.6449
V               2006.97848744189        50.9500        51.7665      0.0148212        67.8816        1.53266        75.6211       0.990202        2348.60        34.2502        2600.28        34.0487
V               2006.97866974644        25.3664        25.7729      0.0153896        69.2658        2.22121        77.7165        1.41379        1181.72        24.1652        1317.55        23.9682
V               2006.97885271455        35.2046        35.7687      0.0143974        68.0114        1.84984        75.9258        1.19254        1623.34        28.4702        1801.37        28.2936
V               2006.97903668429        25.3664        25.7729      0.0150995        68.5831        2.19397        76.5581        1.40808        1176.31        24.1663        1304.92        24.0005
V               2006.97922634135        172.993        175.765      0.0147021        68.3417       0.839549        76.4921       0.539063        7995.41        63.1107        8894.34        62.6811
V               2006.98768705096        94.2553        95.7657      0.0143717        71.2264        1.16495        78.7870       0.736104        4490.24        46.5570        4938.50        46.1402
V               2006.98895710210        94.2445        95.7547      0.0144606        69.4620        1.15031        77.5534       0.733062        4404.48        46.5769        4888.54        46.2082
V               2006.98914299471        163.155        165.770      0.0149620        69.8178       0.880022        78.1711       0.558327        7643.47        61.2810        8505.95        60.7526
V               2006.98932740636        163.155        165.770      0.0148882        71.4808       0.888528        79.1203       0.560112        7789.68        61.2487        8571.40        60.6790
V               2006.99977495754        17.4828        17.7630      0.0156671        68.7446        2.64254        76.5531        1.69606        812.818        20.0621        899.331        19.9250
V               2006.99996693881        51.9381        52.7704      0.0151164        69.8697        1.54783        77.4620       0.987161        2443.16        34.5727        2692.04        34.3069
V               2007.00016083403        86.3826        87.7669      0.0153947        70.1939        1.19228        76.8610       0.763848        4094.01        44.5778        4455.07        44.2746
V               2007.00034333470        86.3826        87.7669      0.0150660        70.5163        1.20973        78.2151       0.767433        4086.43        44.5802        4505.10        44.2032
V               2007.00052776383        86.3826        87.7669      0.0153775        70.4714        1.20709        78.0117       0.766901        4088.16        44.5797        4497.63        44.2143
V               2007.01333172334        40.1345        40.7777      0.0157343        69.0006        1.77347        78.1133        1.12550        1859.41        30.3978        2091.39        30.1339
V               2007.01352438900        69.6490        70.7652      0.0157247        69.1294        1.32205        76.4268       0.849367        3258.16        40.0400        3579.00        39.7751
V               2007.01370816403        74.5790        75.7741      0.0158584        68.6681        1.27136        75.9627       0.819452        3473.48        41.4353        3817.31        41.1794
V               2007.01389267866        74.5681        75.7631      0.0161960        68.3613        1.26999        75.8514       0.819183        3459.79        41.4338        3813.14        41.1813
V               2007.01407505768        74.5681        75.7631      0.0154749        69.9417        1.30034        78.0758       0.825603        3501.75        41.4269        3884.52        41.0764
V               2007.01425769594        74.5790        75.7741      0.0151694        68.1597        1.27000        75.8573       0.819141        3448.55        41.4377        3813.89        41.1840
V               2007.01444201111        74.5790        75.7741      0.0152985        68.4413        1.28358        76.8520       0.822050        3446.83        41.4378        3846.02        41.1391
V               2007.03812415894        46.0309        46.7686      0.0180259       0.684054       0.164549        2.96179       0.251878        54.0900        7.30752        133.902        11.3874
V               2007.03830799990        50.9500        51.7665      0.0181616        69.5713        1.56707        77.7112       0.997546        2386.75        34.2451        2646.25        33.9689
V               2007.03849108674        46.0309        46.7686      0.0182936        71.9552        1.69350        80.2796        1.05852        2203.29        32.5295        2440.54        32.1796
V               2007.03867491493        50.9609        51.7775      0.0190334        72.9932        1.61173        80.4711        1.00664        2472.79        34.2043        2705.98        33.8499
V               2007.03885745323        50.9500        51.7665      0.0179967        72.7474        1.60291        79.9411        1.00502        2468.96        34.2033        2694.18        33.8713
V               2007.03904052223        46.0309        46.7685      0.0172622        71.4389        1.68045        79.5410        1.05598        2194.18        32.5347        2426.37        32.2122
V               2007.03922438311        50.9500        51.7665      0.0183281        70.2903        1.56502        77.6124       0.997206        2412.50        34.2365        2644.10        33.9729
V               2007.03940697157        50.9500        51.7665      0.0172766        75.5611        1.65072        82.8481        1.01423        2529.03        34.1460        2754.95        33.7263
V               2007.06813952948        60.7882        61.7623      0.0154368        71.7516        1.45932        79.3652       0.918370        2910.50        37.3815        3199.78        37.0260
V               2007.06832267685        60.7990        61.7733      0.0157963        73.4363        1.50180        82.1056       0.926352        2941.89        37.3662        3269.20        36.8846
V               2007.06851478476        85.3945        86.7629      0.0156451        70.8768        1.22089        78.5462       0.772726        4054.80        44.3195        4465.54        43.9314
V               2007.06869797233        85.4054        86.7740      0.0156076        72.2550        1.24251        80.2355       0.776997        4101.41        44.3031        4526.60        43.8354
V               2007.06943484342        110.012        111.775      0.0156441        67.6931        1.04711        75.9864       0.674760        5050.37        50.3279        5632.05        50.0127
V               2007.06961149407        60.7990        61.7733      0.0158296        70.0820        1.43547        77.7834       0.913408        2865.07        37.4043        3159.67        37.1039
V               2007.06980535123        95.2435        96.7698      0.0160174        67.0423        1.11116        74.7994       0.722053        4355.53        46.8272        4826.52        46.5913
V               2007.07550166144        110.989        112.767      0.0160237        68.8369        1.05627        77.2169       0.674717        5151.94        50.5495        5741.09        50.1653
V               2007.07568414236        111.000        112.779      0.0158219        66.2954        1.02905        74.7916       0.668826        5019.53        50.5454        5624.59        50.2981
V               2007.07586861259        110.989        112.767      0.0159060        67.0103        1.03337        75.1674       0.669787        5064.17        50.5490        5642.38        50.2770
V               2007.07605107691        110.989        112.767      0.0163160        67.2861        1.02957        74.8201       0.668930        5094.00        50.5509        5625.44        50.2942
V               2007.07623145964        96.2208        97.7627      0.0158489        68.8215        1.11807        75.8639       0.721179        4493.43        47.0633        4920.90        46.7791
V               2007.07641667768        106.070        107.770      0.0160827        66.3153        1.04233        73.8597       0.681805        4819.65        49.4139        5331.02        49.2111
V               2007.07660057069        110.989        112.767      0.0161106        66.9279        1.03345        75.1764       0.669809        5058.21        50.5484        5642.81        50.2765
V               2007.07677825790        86.3826        87.7669      0.0159197        68.0879        1.19000        76.6418       0.763257        3976.87        44.5969        4446.90        44.2856
V               2007.08077912324        23.3901        23.7649      0.0153878        69.8134        2.30429        77.3722        1.47055        1099.97        23.2011        1211.45        23.0250
V               2007.08096183090        11.5756        11.7611      0.0157072        65.9298        3.16527        74.1690        2.06630        522.073        16.3219        583.375        16.2524
V               2007.08114564161        16.5055        16.7700      0.0153563        77.2235        2.95777        84.7915        1.79219        829.181        19.4134        905.305        19.1349
V               2007.08132872513        11.5756        11.7611      0.0152035        73.0588        3.41744        81.4294        2.11856        558.870        16.3062        619.228        16.1105
V               2007.08151258899        16.5055        16.7700      0.0167851        73.1325        2.83279        80.5019        1.76897        801.609        19.4651        876.641        19.2635
V               2007.08169517118        16.5055        16.7700      0.0155461        67.9353        2.67862        75.1283        1.73660        763.459        19.4940        838.814        19.3893
V               2007.08187812291        11.5756        11.7611      0.0147615        70.8969        3.39461        80.7123        2.11376        544.135        16.3218        615.809        16.1273
V               2007.08206263810        11.5756        11.7611      0.0155631        68.6515        3.22565        75.9219        2.07968        539.029        16.3243        592.289        16.2242
V               2007.08224510333        11.5430        11.7280      0.0156708        70.7072        3.31337        78.3351        2.10025        547.338        16.2952        602.589        16.1561
V               2007.08242956676        11.5865        11.7721      0.0162751        68.9166        3.26334        77.0510        2.08706        538.915        16.3322        598.504        16.2115
V               2007.08261208653        11.5756        11.7611      0.0146898        72.8447        3.40905        81.1900        2.11697        557.747        16.3078        618.089        16.1162
V               2007.08279463672        11.5864        11.7721      0.0148824        70.8504        3.28888        77.8293        2.09270        551.619        16.3236        602.364        16.1965
V               2007.08297905296        11.5865        11.7721      0.0152923        71.7506        3.36019        79.8479        2.10688        553.487        16.3216        612.229        16.1544
V               2007.08316157167        11.5973        11.7831      0.0158059        73.1810        3.36975        80.2401        2.10858        564.078        16.3148        614.695        16.1532
V               2007.08334597672        11.5973        11.7832      0.0161032        66.5890        3.20863        75.5223        2.07473        525.019        16.3383        591.379        16.2462
V               2007.08356545785        106.059        107.759      0.0161773        67.4639        1.06791        76.1161       0.687539        4850.61        49.4145        5435.67        49.0992
V               2007.08374797606        106.059        107.759      0.0160808        68.5409        1.07424        76.6690       0.688894        4914.85        49.4147        5461.06        49.0693
V               2007.08907303410        14.5509        14.7841      0.0155553        65.7996        2.80239        73.4761        1.83813        657.069        18.3002        728.835        18.2330
V               2007.08925688882        19.4592        19.7710      0.0163363        66.9045        2.45575        74.7042        1.59688        888.551        21.1660        985.287        21.0615
V               2007.08944002107        14.5401        14.7731      0.0154752        66.9156        2.82047        74.0261        1.84267        665.916        18.2965        731.853        18.2174
V               2007.08962389502        19.4483        19.7600      0.0154866        67.8194        2.50746        76.6244        1.60848        891.765        21.1606        1001.03        21.0135
V               2007.09017197671        14.5401        14.7731      0.0161551        66.4153        2.84171        74.7378        1.84758        658.961        18.2945        736.432        18.2052
V               2007.09035643643        14.5509        14.7841      0.0152274        66.6486        2.84254        74.7964        1.84730        661.310        18.3021        737.358        18.2110
V               2007.09053896996        14.5292        14.7620      0.0149306        70.0728        2.94392        78.0184        1.87000        683.605        18.2856        756.524        18.1329
V               2007.09072336413        14.5292        14.7621      0.0157815        73.1294        3.02059        80.5381        1.88566        705.179        18.2633        771.893        18.0725
V               2007.09090586725        14.5292        14.7620      0.0165333        68.8967        2.93841        77.8225        1.86875        673.268        18.2896        755.312        18.1372
V               2007.09108835254        14.5292        14.7621      0.0158451        69.2519        2.93592        77.7476        1.86826        676.727        18.2887        754.849        18.1389
V               2007.09420446835        14.5292        14.7620      0.0164764        68.0017        2.90798        76.8472        1.86242        667.560        18.2899        749.238        18.1581
V               2007.09457147786        14.5401        14.7731      0.0162835        62.5317        2.67723        69.2639        1.80776        636.923        18.2750        700.298        18.2775
V               2007.09475388854        14.5292        14.7621      0.0146817        67.9024        2.87654        75.8308        1.85568        669.274        18.2899        742.841        18.1783
V               2007.09493847608        14.5292        14.7620      0.0160013        64.3244        2.81811        73.9993        1.84317        640.057        18.2728        731.133        18.2110
V               2007.09657594699        105.093        106.777      0.0154052        69.2930        1.08296        77.0059       0.692875        4914.04        49.1842        5426.56        48.8265
V               2007.09694287683        105.093        106.777      0.0158504        70.5800        1.10269        78.7152       0.696950        4965.82        49.1732        5503.13        48.7251
V               2007.09712000434        85.3945        86.7629      0.0153954        67.1878        1.17265        74.7316       0.762365        3913.54        44.3405        4324.86        44.1195
V               2007.10280697757        101.151        102.772      0.0155779        67.9654        1.09194        75.9794       0.703677        4662.19        48.2587        5178.11        47.9567
V               2007.10298989443        96.2425        97.7848      0.0158135        69.8769        1.13794        77.5346       0.725366        4527.42        47.0623        4991.41        46.6965
V               2007.10315338465        30.2855        30.7708      0.0164668        72.1314        2.05820        78.9761        1.29942        1460.89        26.3765        1589.22        26.1479
V               2007.10334179501        45.0645        45.7866      0.0155505        66.5968        1.59942        73.8729        1.04607        2055.67        32.2099        2265.18        32.0759
V               2007.10352836570        59.8000        60.7583      0.0157738        67.6502        1.40910        75.2492       0.912759        2753.15        37.1058        3042.22        36.9015
V               2007.10371607841        65.1860        66.2306      0.0151648        68.8466        1.35798        75.8356       0.876104        3044.67        38.7368        3332.92        38.5042
V               2007.10519924464        14.5292        14.7620      0.0148405        69.8074        2.93086        77.5986        1.86731        682.339        18.2863        753.923        18.1421
V               2007.11636830349        22.4237        22.7830      0.0152889        65.4675        2.24087        72.7898        1.47678        1010.66        22.7168        1116.27        22.6471
V               2007.11650330533        54.8918        55.7714      0.0155899        70.2303        1.51766        78.2114       0.962708        2586.84        35.5407        2862.67        35.2368
V               2007.11668978743        69.6490        70.7651      0.0159469        68.6639        1.31631        76.0139       0.848114        3242.99        40.0425        3566.52        39.7929
V               2007.11687778159        89.3362        90.7678      0.0160066        68.8579        1.15900        75.7567       0.748161        4176.50        45.3476        4564.64        45.0797
V               2007.11706222156        89.3363        90.7678      0.0155665        68.9205        1.15906        75.7624       0.748177        4179.28        45.3471        4564.86        45.0794
V               2007.11724473691        89.3362        90.7678      0.0153968        71.2414        1.19391        78.5826       0.755579        4262.60        45.3232        4673.04        44.9318
V               2007.11742914751        89.3362        90.7678      0.0152211        70.4381        1.19292        78.4731       0.755300        4216.51        45.3387        4668.91        44.9380
V               2007.11761349850        90.3244        91.7718      0.0156897        68.5932        1.16132        76.4497       0.745909        4192.41        45.6016        4642.32        45.2944
V               2007.11779601070        90.3244        91.7718      0.0151717        66.6151        1.15037        75.5750       0.743568        4088.04        45.5963        4607.97        45.3369
V               2007.12314801173        90.3244        91.7718      0.0154302        66.6414        1.13501        74.3097       0.740101        4114.34        45.6004        4557.70        45.3933
V               2007.12333803363        35.2046        35.7687      0.0151969        70.3872        1.89777        78.3473        1.20268        1661.40        28.4614        1837.99        28.2143
V               2007.12352199501        40.1128        40.7556      0.0154106        70.1061        1.77689        78.2874        1.12647        1886.18        30.3833        2093.23        30.1192
V               2007.12370503737        35.2154        35.7797      0.0152134        69.0393        1.88751        77.8284        1.20037        1634.25        28.4737        1830.79        28.2367
V               2007.12387131808        134.607        136.764      0.0152854        68.5218       0.952529        76.5690       0.611277        6236.88        55.6694        6925.21        55.2864
V               2007.12405386491        134.629        136.786      0.0154395        68.6277       0.944135        75.7532       0.609445        6271.55        55.6712        6878.66        55.3398
V               2007.12423641291        134.607        136.764      0.0157292        68.2529       0.946042        75.9294       0.609882        6232.02        55.6697        6887.88        55.3250
V               2007.12442077889        134.618        136.775      0.0154799        69.1404       0.958581        77.1705       0.612547        6276.19        55.6684        6960.65        55.2508
V               2007.12457092489        16.5055        16.7700      0.0154043        67.2680        2.64867        74.0759        1.72980        759.697        19.4942        831.147        19.4087
V               2007.13156487498        126.745        128.776      0.0155943        69.6805       0.992658        77.6279       0.632287        5942.53        54.0113        6578.41        53.5819
V               2007.13173247802        109.023        110.771      0.0152252        68.5376        1.05483        76.2536       0.678461        5059.92        50.1000        5594.12        49.7732
V               2007.13191500548        109.034        110.782      0.0152665        67.3621        1.04290        75.1929       0.675827        4998.87        50.1036        5544.23        49.8310
V               2007.13210077243        113.953        115.779      0.0154959        69.6209        1.05363        78.2224       0.668192        5323.37        51.2164        5943.34        50.7692
V               2007.13230338630        136.562        138.750      0.0154725        67.1090       0.928259        74.8294       0.603074        6248.82        56.0721        6922.14        55.7877
V               2007.13248780967        138.549        140.769      0.0156835        68.7947       0.946462        77.3214       0.604113        6423.33        56.4784        7172.88        56.0418
V               2007.14218748046        109.023        110.771      0.0151260        69.1318        1.05909        76.6376       0.679388        5094.16        50.0961        5612.23        49.7521
V               2007.14237188201        109.023        110.771      0.0155969        68.3410        1.05290        76.0809       0.678042        5050.35        50.1006        5585.94        49.7825
V               2007.14255439392        109.013        110.759      0.0154279        68.4222        1.05552        76.3092       0.678629        5050.10        50.0981        5596.18        49.7677
V               2007.14273691441        109.023        110.771      0.0156430        68.5078        1.05542        76.3056       0.678587        5057.37        50.1002        5596.57        49.7704
V               2007.14294791366        76.5228        77.7490      0.0150571        66.8332        1.23199        74.2211       0.803811        3496.56        41.9733        3858.28        41.7850
V               2007.14350110849        42.1000        42.7747      0.0150766        66.7379        1.66785        74.6100        1.08528        1917.47        31.1320        2129.93        30.9819
V               2007.14368826218        17.4937        17.7740      0.0153753        69.4979        2.66768        77.4756        1.70103        818.576        20.0667        906.830        19.9100
V               2007.23255153621        515.516        523.777      0.0148226        68.0024       0.478669        75.0062       0.310597        23873.8        108.944        26171.0        108.373
V               2007.23273433284        535.181        543.757      0.0149949        67.3864       0.470477        75.1416       0.304989        24548.8        111.004        27201.1        110.406
V               2007.23291842636        515.505        523.766      0.0149251        67.1721       0.477090        74.6960       0.310244        23618.9        108.944        26100.0        108.404
V               2009.02879270390        90.3244        91.7718      0.0152547        66.6148        1.14168        74.8609       0.741623        4101.86        45.5987        4579.69        45.3695
V               2009.02897524253        90.3353        91.7829      0.0150928        67.2192        1.14578        75.1950       0.742492        4132.56        45.6048        4593.50        45.3572
V               2009.02915975001        90.3353        91.7829      0.0152411        68.5779        1.15208        75.7116       0.743891        4205.68        45.6030        4613.91        45.3332
V               2009.02934226557        90.3244        91.7718      0.0149814        66.7787        1.13827        74.5771       0.740842        4116.87        45.6007        4568.38        45.3819
V               2009.02952481888        90.3244        91.7718      0.0150443        66.3299        1.13944        74.6824       0.741132        4087.41        45.5962        4572.58        45.3773
V               2009.16278483601        36.1927        36.7727      0.0143511        66.2025        1.79743        74.5489        1.17023        1635.23        28.8619        1830.09        28.7278
V               2009.16296297859        95.2543        96.7808      0.0146308        64.2365        1.07911        72.1299       0.714660        4224.90        46.7993        4713.44        46.7006
V               2009.16314601102        90.3244        91.7718      0.0144746        64.9295        1.12177        73.2541       0.737137        4027.41        45.5801        4515.24        45.4357
V               2009.16332990489        95.2543        96.7808      0.0148429        65.9372        1.09043        73.0534       0.717252        4317.52        46.8252        4753.12        46.6669
V               2009.16351365227        85.4162        86.7850      0.0149069        65.3571        1.14387        72.4404       0.755622        3849.04        44.3365        4238.62        44.2128
V               2012.14087803951        110.012        111.775      0.0139773        62.5505       0.978214        69.7477       0.658559        4804.51        50.2611        5323.33        50.2630
V               2012.14105514971        90.3244        91.7718      0.0142460        62.5551        1.07352        69.2103       0.725139        3955.50        45.5483        4348.06        45.5560
V               2012.46018913240        41.1227        41.7817      0.0506227        58.7339        1.57319        68.3989        1.07093        1728.32        30.6528        1963.90        30.7491
V               2012.46038022686        65.7290        66.7822      0.0447706        63.3232        1.31869        73.5548       0.865115        2894.30        38.8645        3294.57        38.7491
V               2012.46055763158        55.8908        56.7864      0.0480191        60.0547        1.37478        70.0481       0.925105        2379.21        35.7699        2712.29        35.8204
V               2012.46076311942        139.537        141.773      0.0352091        60.7015       0.858255        68.7049       0.582152        6004.10        56.5588        6683.98        56.6349
V               2012.46092944075        80.4862        81.7760      0.0465439        60.2069        1.14744        70.1894       0.771359        3429.89        42.9281        3911.13        42.9821
V               2012.46111250152        75.5563        76.7671      0.0493793        60.3998        1.18453        70.1800       0.796095        3234.38        41.6053        3671.24        41.6451
V               2013.12598002705        57.8454        58.7724      0.0137203        58.2939        1.28879        65.8184       0.892521        2399.43        36.3143        2691.11        36.4924
V               2013.12617439320        124.780        126.779      0.0140538        60.5441       0.905878        68.6063       0.615352        5304.47        53.4414        5971.31        53.5585
V               2013.12632652463        112.954        114.764      0.0139835        60.1039       0.941460        67.5708       0.643825        4790.34        50.8373        5350.03        50.9759
V               2013.12689763383        99.1635        100.753      0.0138600        60.6547        1.01569        68.5492       0.690099        4223.86        47.6478        4742.78        47.7466
