UVW2            2006.78147636665        569.341        591.777     0.00132893      0.0847998      0.0146956       0.207439      0.0190786        69.5780        8.33581        117.953        10.8484
UVW2            2006.78166026055        569.652        578.781     0.00127347       0.106762      0.0158726       0.241514      0.0205787        81.2500        9.00690        137.375        11.7054
UVW2            2006.79062892887        315.704        320.763     0.00110941      0.0976722      0.0202649       0.244961      0.0278392        40.6720        6.37300        77.2190        8.77576
UVW2            2006.79081429304        335.391        340.766     0.00103669       0.106875      0.0201889       0.195622      0.0241397        45.6250        6.74964        65.5310        8.08653
UVW2            2006.79649949080        527.312        535.762     0.00103597      0.0981707      0.0155794       0.198684      0.0194019        67.1410        8.18830        104.641        10.2184
UVW2            2006.80164445700        329.484        334.764     0.00125393      0.0851412      0.0191752       0.179122      0.0233063        39.7030        6.29691        58.9530        7.67062
UVW2            2006.80183466292        168.034        170.727     0.00155917       0.161342      0.0350574       0.328160      0.0441579        34.4530        5.86313        55.0310        7.40509
UVW2            2006.80201147569        325.555        330.772     0.00123158       0.112983      0.0213568       0.232917      0.0267331        48.0620        6.92712        75.7190        8.69067
UVW2            2006.80786478356        55.2936        56.1796     0.00110665       0.169788      0.0604215       0.296251      0.0731457        11.0950        3.32729        16.3510        4.03714
UVW2            2006.80804671996        91.4538        92.9193    0.000974606      0.0850308      0.0351676       0.222251      0.0492713        10.2820        3.20460        20.2980        4.49990
UVW2            2006.80971359704        128.704        130.766     0.00135438      0.0924975      0.0319740       0.267400      0.0455524        16.8120        4.09733        34.3590        5.85315
UVW2            2006.81262716984        547.010        555.776     0.00107210       0.104048      0.0157038       0.214600      0.0197969        73.3910        8.56061        117.234        10.8149
UVW2            2006.82083661100        170.142        172.869    0.000788793       0.133732      0.0303339       0.216560      0.0356583        26.5160        5.14501        36.7970        6.05893
UVW2            2006.83182909464        92.2828        93.7616    0.000752863       0.139455      0.0418142       0.252844      0.0523127        14.8120        3.84528        23.2970        4.82008
UVW2            2006.83201258001        111.971        113.765    0.000771399       0.128898      0.0367396       0.181052      0.0401942        16.8590        4.10261        20.2500        4.49558
UVW2            2006.83219609632        92.2952        93.7742    0.000717496       0.102019      0.0364541       0.145555      0.0396986        11.2810        3.35649        13.4220        3.66071
UVW2            2006.83237953832        111.981        113.776    0.000975922      0.0712717      0.0297810       0.175585      0.0395814        11.0620        3.32417        19.6410        4.42759
UVW2            2006.83256258126        102.122        103.758    0.000838838      0.0544984      0.0277277       0.107786      0.0324797        7.98400        2.82440        11.0000        3.31468
UVW2            2006.83274507933        102.132        103.768    0.000865282      0.0755378      0.0313646       0.202500      0.0445066        10.2030        3.19248        20.6560        4.53989
UVW2            2006.84025811765        103.409        105.066    0.000748966      0.0681402      0.0294515       0.152130      0.0383418        9.23300        3.03711        15.7170        3.96119
UVW2            2006.84044158187        44.3804        45.0915    0.000917496      0.0719728      0.0470595       0.145668      0.0572713        4.34200        2.08264        6.45900        2.53945
UVW2            2006.84338291876        178.906        181.773    0.000844519      0.0874306      0.0249938       0.197707      0.0332274        19.8910        4.45724        35.3280        5.93736
UVW2            2006.84356632321        198.582        201.764    0.000851294       0.102453      0.0252897       0.207832      0.0323350        25.0940        5.00595        41.2190        6.41296
UVW2            2006.85368032743        138.563        140.784     0.00121143       0.153672      0.0368930       0.240997      0.0416807        26.0000        5.09382        33.3440        5.76688
UVW2            2006.85386474711        138.541        140.761     0.00126480       0.118727      0.0334642       0.226783      0.0404375        21.3750        4.61944        31.3750        5.59445
UVW2            2006.87663390047        111.417        113.776     0.00165415       0.150012      0.0421151       0.266925      0.0489230        21.9060        4.67660        29.7030        5.44407
UVW2            2006.87700143837        98.6823        100.772     0.00184923      0.0998813      0.0393428       0.182396      0.0429780        15.0000        3.87056        17.9840        4.23758
UVW2            2006.87718402240        98.6815        100.771     0.00207533       0.142168      0.0452359       0.324765      0.0573344        19.7970        4.44571        32.0000        5.64931
UVW2            2006.87773534201        98.6824        100.772     0.00194264     0.00297126      0.0243575       0.146407      0.0385078        5.71900        2.39087        14.4380        3.79745
UVW2            2006.88672181052        39.9326        40.7783     0.00199538      0.0759889      0.0577818       0.317402      0.0891035        5.28100        2.29679        12.6560        3.55289
UVW2            2006.88690433250        39.9247        40.7702     0.00193584       0.101197      0.0626535       0.250764      0.0792168        6.21900        2.49220        10.0000        3.15902
UVW2            2006.88708876860        39.9321        40.7778     0.00195622      0.0448218      0.0502600       0.175440      0.0662625        4.00000        1.99918        7.00000        2.64385
UVW2            2006.88727125440        39.9224        40.7678     0.00189350      0.0231705      0.0439933       0.116314      0.0539656        3.06200        1.74931        4.64100        2.15327
UVW2            2006.88892154773        39.9238        40.7693     0.00201478     -0.0300242      0.0262549      0.0751694      0.0433857        1.07800        1.03815        3.00000        1.73152
UVW2            2006.89588109297        181.858        184.772     0.00161883       0.130688      0.0312454       0.332067      0.0426979        32.0310        5.65418        60.2660        7.74914
UVW2            2006.89606363145        181.859        184.773     0.00167110       0.172900      0.0348803       0.313256      0.0414726        39.9690        6.31456        56.8590        7.52768
UVW2            2006.89624705773        161.193        163.776     0.00179774       0.105792      0.0312523       0.225296      0.0373657        25.2190        5.01758        36.2660        6.01477
UVW2            2006.89642861780        142.483        144.766     0.00141278       0.127777      0.0344013       0.291673      0.0452135        23.8590        4.88013        41.4840        6.43062
UVW2            2006.90573970137        289.132        293.765    0.000881380      0.0833560      0.0193871       0.179614      0.0249137        31.2660        5.58832        51.8750        7.19541
UVW2            2006.91673093079        332.448        337.776    0.000733360   -0.000663004     0.00780718      0.0447561      0.0116016        6.67200        2.58274        14.8750        3.85588
UVW2            2006.94003720411        365.884        371.748     0.00111843       0.124334      0.0206932       0.256117      0.0264414        56.9840        7.54239        93.5620        9.65931
UVW2            2006.94022078214        385.594        391.773     0.00111316       0.131847      0.0206259       0.265039      0.0262010        62.8750        7.92235        102.031        10.0865
UVW2            2006.96656026704        208.409        211.748    0.000782545       0.109583      0.0251849       0.199896      0.0309557        27.4220        5.23286        41.6090        6.44351
UVW2            2006.96674376428        188.742        191.766    0.000739647      0.0942968      0.0247473       0.181253      0.0309758        21.7190        4.65745        34.1720        5.83993
UVW2            2006.96692625867        188.742        191.767    0.000768499       0.101643      0.0256055       0.160101      0.0291137        23.2660        4.82026        30.1880        5.48959
UVW2            2006.96711066283        188.753        191.778    0.000694184      0.0818704      0.0232272       0.157187      0.0288470        19.1410        4.37263        29.6410        5.43971
UVW2            2006.96729321699        188.753        191.778    0.000683573      0.0569646      0.0201397       0.121530      0.0253670        14.3910        3.79198        22.9220        4.78453
UVW2            2006.97720289861        25.3609        25.7673    0.000792997       0.181869      0.0899439       0.315425       0.111440        5.17200        2.27168        7.98400        2.82076
UVW2            2006.97755860289        153.309        155.766    0.000749158      0.0890865      0.0268709       0.184372      0.0346637        16.8910        4.10741        28.2340        5.30825
UVW2            2006.97774157922        182.835        185.765    0.000732063      0.0842647      0.0240030       0.173670      0.0308074        19.1720        4.37609        31.7190        5.62666
UVW2            2006.97795031200        100.155        101.760    0.000789449       0.107666      0.0360861       0.204940      0.0452134        13.0000        3.60301        20.5000        4.52266
UVW2            2006.97813563497        159.219        161.770    0.000759128       0.111657      0.0289618       0.189721      0.0345038        21.1720        4.59798        30.1720        5.48725
UVW2            2006.97831691966        80.4673        81.7568    0.000713804       0.118646      0.0416105       0.224001      0.0527334        11.1560        3.33754        18.0000        4.23748
UVW2            2006.97848565212        50.9434        51.7598    0.000766607       0.188099      0.0642713       0.255586      0.0707885        10.6720        3.26309        13.0000        3.60055
UVW2            2006.97885145110        35.2076        35.7718    0.000937116       0.172581      0.0752959       0.215067      0.0781176        7.00000        2.64289        7.56200        2.74670
UVW2            2006.97903572432        25.3483        25.7545    0.000550400       0.142402      0.0790469       0.197491      0.0882262        4.00000        1.99829        5.00000        2.23367
UVW2            2006.97922063014        172.997        175.769    0.000719498       0.114379      0.0279570       0.211620      0.0349577        23.2810        4.82151        36.5620        6.03971
UVW2            2006.98895392838        94.2485        95.7588    0.000764342       0.112984      0.0378472       0.179915      0.0436730        12.6720        3.55718        16.9380        4.11156
UVW2            2006.98913758923        163.147        165.762    0.000817106      0.0852938      0.0258248       0.165663      0.0318532        17.6720        4.20133        27.0000        5.19148
UVW2            2006.98932199704        163.148        165.762    0.000748274       0.129106      0.0303950       0.205884      0.0355067        24.4840        4.94410        33.5470        5.78551
UVW2            2007.01332836064        159.205        161.757    0.000868101      0.0816581      0.0258831       0.192589      0.0347648        16.8910        4.10750        30.6250        5.52820
UVW2            2007.01351862954        278.317        282.777    0.000751127      0.0996334      0.0208782       0.191554      0.0262228        33.6090        5.79352        53.2500        7.28968
UVW2            2007.01370201755        297.016        301.776    0.000897722      0.0892857      0.0196876       0.178003      0.0244704        34.0310        5.82998        52.8120        7.26017
UVW2            2007.01388653340        297.016        301.775    0.000797498       0.120607      0.0219926       0.212123      0.0267108        42.4690        6.51176        62.9220        7.92321
UVW2            2007.01406891279        297.017        301.777    0.000938815      0.0953659      0.0202982       0.186124      0.0250219        36.1720        6.01034        55.2190        7.42344
UVW2            2007.01425155001        297.007        301.766    0.000923928      0.0993756      0.0205903       0.172792      0.0241103        37.2340        6.09781        51.2660        7.15332
UVW2            2007.01443584994        297.016        301.775    0.000973841      0.0973165      0.0205457       0.200732      0.0259844        37.0470        6.08250        59.5470        7.70827
UVW2            2007.05547852900        562.757        571.775    0.000819161      0.0924868      0.0143588       0.165175      0.0171255        65.0160        8.05819        92.8590        9.62770
UVW2            2007.05566264247        543.058        551.761    0.000883127       0.110646      0.0158289       0.179477      0.0181718        73.5780        8.57145        97.3590        9.85746
UVW2            2007.05584674719        546.988        555.754    0.000871561      0.0880586      0.0143817       0.174952      0.0178769        61.5940        7.84339        95.5940        9.76794
UVW2            2007.05603405318        487.950        495.770    0.000838211      0.0833761      0.0148393       0.155775      0.0178609        52.2030        7.22097        75.9380        8.70688
UVW2            2007.06850774170        341.310        346.779    0.000715118       0.121451      0.0204048       0.196954      0.0240108        48.2970        6.94426        67.1410        8.18521
UVW2            2007.06869094482        340.311        345.764    0.000709983       0.123803      0.0205921       0.179861      0.0229798        48.9220        6.98897        61.1410        7.81164
UVW2            2007.06942583518        438.747        445.777    0.000728277       0.113234      0.0174912       0.191822      0.0209000        58.6410        7.65218        84.0620        9.15899
UVW2            2007.06960644799        242.874        246.766    0.000766034       0.124037      0.0245336       0.209097      0.0293272        35.3440        5.94038        50.7190        7.11365
UVW2            2007.06979749392        380.673        386.773    0.000866521       0.100241      0.0181351       0.186521      0.0221257        47.4380        6.88286        70.9220        8.41300
UVW2            2007.07549248961        444.655        451.781    0.000898706       0.108721      0.0174006       0.212378      0.0218437        59.5620        7.71203        94.3120        9.70025
UVW2            2007.07567501649        444.654        451.780    0.000901559      0.0922438      0.0163045       0.206002      0.0215136        52.2810        7.22594        91.4840        9.55404
UVW2            2007.07585945474        444.655        451.780    0.000856406       0.105651      0.0171224       0.212169      0.0218329        57.6720        7.58886        94.2190        9.69547
UVW2            2007.07604195191        444.654        451.780    0.000902091      0.0926406      0.0163332       0.177333      0.0199619        52.5000        7.24104        78.7660        8.86648
UVW2            2007.07622351828        385.594        391.773     0.00106780       0.161810      0.0223563       0.268983      0.0263950        73.9060        8.58791        103.547        10.1610
UVW2            2007.07640793693        424.968        431.778     0.00104531       0.124726      0.0190906       0.222122      0.0228502        65.4840        8.08545        94.2660        9.69737
UVW2            2007.07659144832        444.622        451.747    0.000914140       0.134672      0.0190350       0.216307      0.0220454        71.2970        8.43640        96.0470        9.78886
UVW2            2007.07677111783        346.218        351.766    0.000867713      0.0996151      0.0189691       0.195606      0.0237583        42.9220        6.54708        67.6410        8.21569
UVW2            2007.08077707194        95.2467        96.7730    0.000688005      0.0915110      0.0341884       0.157470      0.0406455        10.5620        3.24797        14.9840        3.86761
UVW2            2007.08096074194        47.0239        47.7775    0.000830496       0.158228      0.0622699       0.255931      0.0737293        8.53100        2.91791        12.0160        3.46160
UVW2            2007.08114415231        66.6984        67.7672    0.000866965       0.170720      0.0541890       0.255278      0.0618284        13.0000        3.60173        17.0000        4.11740
UVW2            2007.08132763600        47.0136        47.7670     0.00109653      0.0540781      0.0426412       0.108424      0.0480109        4.00000        1.99908        5.09400        2.25566
UVW2            2007.08151111404        66.6994        67.7683    0.000819373      0.0583943      0.0350490       0.147721      0.0470446        5.43800        2.33092        9.84400        3.13500
UVW2            2007.08169368121        66.7003        67.7691    0.000779985       0.172923      0.0541613       0.271019      0.0637028        12.9840        3.59952        18.0470        4.24193
UVW2            2007.08187704793        47.0240        47.7775    0.000755395       0.104033      0.0517322       0.191958      0.0638627        5.89100        2.42549        9.01600        2.99954
UVW2            2007.08206154858        47.0112        47.7646    0.000866250      0.0586295      0.0421516       0.158691      0.0580782        3.90600        1.97547        7.45300        2.72767
UVW2            2007.08224401261        47.0129        47.7662    0.000758761       0.197898      0.0684053       0.255992      0.0737467        10.2970        3.20508        12.0160        3.46160
UVW2            2007.08242849161        47.0240        47.7776    0.000792918       0.133607      0.0576908       0.205942      0.0661458        7.32800        2.70474        9.67200        3.10651
UVW2            2007.08261100980        47.0232        47.7768    0.000817023      0.0610061      0.0423860       0.151002      0.0566474        3.95300        1.98731        7.09400        2.66127
UVW2            2007.08279354705        47.0122        47.7655    0.000935000       0.180640      0.0665100       0.306006      0.0806206        9.71900        3.11403        14.3590        3.78304
UVW2            2007.08297796295        47.0130        47.7663    0.000768458       0.127301      0.0563637       0.149031      0.0562830        7.00000        2.64361        7.00000        2.64361
UVW2            2007.08316049774        47.0234        47.7769    0.000741607      0.0644541      0.0426946       0.106400      0.0475559        4.01600        2.00307        5.00000        2.23478
UVW2            2007.08334490084        47.0112        47.7646    0.000784823       0.115215      0.0541391       0.170350      0.0601723        6.45300        2.53838        8.00000        2.82581
UVW2            2007.08355672318        424.966        431.776    0.000873528       0.119446      0.0184491       0.202767      0.0218330        61.1880        7.81616        86.0620        9.26676
UVW2            2007.08373923671        424.958        431.768    0.000893093      0.0990812      0.0171355       0.195437      0.0214354        52.7660        7.25912        82.9530        9.09820
UVW2            2007.08907173606        57.8389        58.7658    0.000912663       0.136194      0.0530073       0.204479      0.0594299        9.35900        3.05656        11.8120        3.43305
UVW2            2007.08925519012        77.5368        78.7793    0.000865264      0.0933280      0.0390446       0.168042      0.0465354        9.12500        3.01883        13.0160        3.60448
UVW2            2007.08943869155        57.8492        58.7762    0.000869871      0.0402891      0.0335841       0.172233      0.0545422        3.75000        1.93581        9.95300        3.15189
UVW2            2007.08962219667        77.5258        78.7681     0.00111124       0.144593      0.0477322       0.233522      0.0548531        13.6250        3.68768        18.0780        4.24644
UVW2            2007.09017067885        57.8393        58.7662     0.00101355       0.127748      0.0521380       0.306111      0.0726966        9.03100        3.00261        17.6720        4.19683
UVW2            2007.09035513998        57.8290        58.7557    0.000941955       0.111788      0.0490021       0.155780      0.0518829        8.00000        2.82630        9.00000        2.99746
UVW2            2007.09053767348        57.8490        58.7760    0.000872003      0.0964477      0.0458186       0.138409      0.0488981        7.00000        2.64401        8.00000        2.82630
UVW2            2007.09072206485        57.8487        58.7757     0.00108460      0.0905059      0.0458743       0.225035      0.0623372        7.00000        2.64401        13.0000        3.60115
UVW2            2007.09090455223        57.8482        58.7752    0.000872253       0.131068      0.0519551       0.173050      0.0546719        9.00000        2.99746        10.0000        3.15931
UVW2            2007.09108705521        57.8395        58.7664     0.00101952       0.194187      0.0622200       0.311802      0.0733682        12.8750        3.58384        18.0000        4.23547
UVW2            2007.09420317170        57.8384        58.7653    0.000907814       0.119263      0.0501483       0.197444      0.0583998        8.37500        2.89168        11.4060        3.37366
UVW2            2007.09457016529        58.8367        59.7796    0.000906575       0.127516      0.0511126       0.219921      0.0611061        9.00000        2.99751        12.9220        3.59043
UVW2            2007.09475257356        58.8280        59.7707    0.000948709       0.143348      0.0538684       0.204241      0.0588938        10.0000        3.15936        12.0000        3.46026
UVW2            2007.09493714533        58.8254        59.7681    0.000957786      0.0832618      0.0433956       0.177890      0.0549681        6.48400        2.54485        10.4530        3.22999
UVW2            2007.09656727474        422.013        428.776    0.000769479      0.0872899      0.0160997       0.158880      0.0193959        45.9690        6.77603        66.9840        8.17732
UVW2            2007.09693422049        422.002        428.765    0.000752834       0.115140      0.0180085       0.196993      0.0215957        57.5000        7.57726        83.0310        9.10240
UVW2            2007.09711292965        343.276        348.777    0.000768626       0.135879      0.0214620       0.220556      0.0253345        54.0310        7.34429        75.6090        8.68494
UVW2            2007.10279865562        405.279        411.774    0.000708536      0.0978269      0.0170802       0.172016      0.0205936        47.7190        6.90348        69.6410        8.33733
UVW2            2007.10298195342        385.594        391.773    0.000784960       0.121743      0.0193536       0.207006      0.0231587        55.4380        7.43986        79.7190        8.91852
UVW2            2007.10315080545        119.843        121.763    0.000792118       0.122506      0.0348335       0.216722      0.0425034        17.3440        4.16134        25.9380        5.08695
UVW2            2007.10333801769        178.904        181.771    0.000818529      0.0550793      0.0209510       0.128488      0.0267911        13.9840        3.73793        22.9690        4.78926
UVW2            2007.10352341874        237.954        241.768    0.000758096       0.113865      0.0238862       0.205787      0.0293935        32.1560        5.66646        48.9060        6.98548
UVW2            2007.10370972847        316.704        321.779    0.000758001      0.0888412      0.0186905       0.162626      0.0226517        34.8910        5.90333        51.4530        7.16675
UVW2            2007.10519793069        58.8271        59.7698    0.000848388       0.122531      0.0499891       0.202642      0.0586635        8.60900        2.93178        11.9060        3.44671
UVW2            2007.11636635187        89.3524        90.7843    0.000703330       0.135572      0.0417649       0.185219      0.0455093        13.8750        3.72177        16.5310        4.06175
UVW2            2007.11649869437        222.210        225.771     0.00105830      0.0839916      0.0227010       0.209883      0.0307179        25.2970        5.02650        46.5780        6.81704
UVW2            2007.11668397606        281.260        285.767    0.000973349       0.104800      0.0217402       0.236502      0.0289815        37.1720        6.09251        66.4220        8.13951
UVW2            2007.11687037111        359.999        365.768    0.000964807       0.124793      0.0205894       0.203900      0.0237875        54.6880        7.38903        73.3120        8.55277
UVW2            2007.11705477980        360.011        365.780    0.000950846       0.137758      0.0214258       0.254557      0.0265750        59.1720        7.68547        91.5000        9.55235
UVW2            2007.11723732904        360.009        365.778    0.000839796       0.129616      0.0206767       0.225261      0.0250009        55.1410        7.41952        80.9840        8.98811
UVW2            2007.11742173806        359.998        365.767    0.000893150       0.145640      0.0218253       0.222224      0.0248323        61.4530        7.83193        79.8910        8.92740
UVW2            2007.11760602245        362.952        368.768    0.000756162       0.134271      0.0207390       0.203750      0.0236819        56.4220        7.50512        73.8590        8.58463
UVW2            2007.11778853853        362.954        368.770    0.000787783       0.119089      0.0197685       0.202713      0.0236215        51.2500        7.15342        73.4840        8.56285
UVW2            2007.12314053813        362.952        368.768    0.000773379       0.124059      0.0200859       0.209493      0.0240129        52.9060        7.26789        75.9380        8.70434
UVW2            2007.12333502404        141.505        143.773    0.000808476    -0.00169253      0.0123004      0.0357803      0.0159001        3.00000        1.73185        5.06200        2.24945
UVW2            2007.12370204456        141.494        143.762    0.000822068      0.0950722      0.0289845       0.241534      0.0412926        16.7190        4.08626        34.1250        5.83401
UVW2            2007.12386026063        540.083        548.738    0.000823053       0.108978      0.0156752       0.195285      0.0190066        71.3440        8.44048        105.344        10.2528
UVW2            2007.12404280935        540.115        548.770    0.000843242       0.109798      0.0157568       0.187764      0.0186368        72.1090        8.48554        101.297        10.0544
UVW2            2007.12422535563        540.116        548.772    0.000852983       0.112655      0.0159396       0.196578      0.0190688        73.7810        8.58321        106.047        10.2869
UVW2            2007.12440972282        540.115        548.770    0.000850806       0.119318      0.0163216       0.202755      0.0193658        77.3590        8.78855        109.375        10.4467
UVW2            2007.12456943508        67.6871        68.7718     0.00100283      0.0160121      0.0256879       0.118513      0.0418321        3.00000        1.73163        8.01600        2.82943
UVW2            2007.13155447130        508.615        516.766    0.000820730      0.0941345      0.0152169       0.192755      0.0194586        59.6090        7.71577        97.9220        9.88521
UVW2            2007.13172351368        436.771        443.770    0.000760449      0.0855161      0.0156789       0.154224      0.0187842        46.7030        6.82999        67.2970        8.19661
UVW2            2007.13190604116        436.761        443.760    0.000769308      0.0835004      0.0155501       0.165698      0.0194701        45.9220        6.77271        72.2970        8.49512
UVW2            2007.13209140794        456.457        463.772    0.000752914       0.126483      0.0180182       0.187528      0.0202601        67.3750        8.20165        85.5000        9.23721
UVW2            2007.13229218129        547.010        555.776    0.000813013      0.0920386      0.0145282       0.193982      0.0188228        62.8440        7.92247        105.984        10.2840
UVW2            2007.13247644401        554.872        563.764    0.000838502      0.0985307      0.0148682       0.173704      0.0176861        67.7660        8.22655        96.2810        9.80304
UVW2            2007.14217845074        438.747        445.778    0.000821832       0.108032      0.0173255       0.196391      0.0211472        57.5160        7.57853        86.0620        9.26708
UVW2            2007.14236288497        438.736        445.767    0.000906149       0.126921      0.0186777       0.207820      0.0217535        66.8440        8.16905        91.0620        9.53188
UVW2            2007.14254539726        438.748        445.779    0.000885900       0.101659      0.0170273       0.204031      0.0215542        55.5310        7.44679        89.4060        9.44501
UVW2            2007.14272791666        438.735        445.766    0.000926030       0.123775      0.0185213       0.210428      0.0218895        65.7190        8.10013        92.2030        9.59128
UVW2            2007.14294157402        305.877        310.778    0.000905902       0.108564      0.0209807       0.186255      0.0246655        41.0000        6.39846        56.9060        7.53598
UVW2            2007.14332176204        61.2583        62.2400    0.000897864      0.0399125      0.0327378       0.122525      0.0447099        4.00000        1.99929        7.50000        2.73679
UVW2            2007.14349751907        171.020        173.761    0.000955449       0.128086      0.0301721       0.212973      0.0352712        26.5000        5.14348        36.3750        6.02420
UVW2            2007.14368666067        72.6179        73.7816    0.000845589       0.113543      0.0435742       0.188712      0.0509548        9.96900        3.15502        13.6880        3.69594
UVW2            2007.21864125099        1591.57        1617.07    0.000794777       0.117113     0.00937911       0.215182      0.0116217        221.756        14.8802        342.025        18.4723
UVW2            2007.21882377055        1591.66        1617.16    0.000780298      0.0988011     0.00872650       0.173892      0.0104481        192.099        13.8509        276.480        16.6120
UVW2            2007.21900723859        1533.00        1557.56    0.000782440       0.105115     0.00912756       0.189307      0.0111076        194.913        13.9515        289.869        17.0081
UVW2            2007.21937324614        1591.39        1616.90    0.000791314       0.112031     0.00920740       0.204534      0.0113314        213.692        14.6075        325.086        18.0101
UVW2            2007.21953675642        1709.57        1736.97    0.000815552       0.107837     0.00876662       0.206158      0.0109760        223.527        14.9402        351.996        18.7406
UVW2            2007.21974018225        1591.87        1617.38    0.000757105       0.101415     0.00880142       0.188565      0.0108789        195.414        13.9697        299.824        17.2977
UVW2            2009.02878527097        361.960        367.760    0.000894333      0.0983360      0.0185191       0.182293      0.0224320        44.7250        6.68319        65.9090        8.11041
UVW2            2009.02896778198        361.971        367.771    0.000858378      0.0786996      0.0168945       0.171105      0.0217330        37.2160        6.09709        61.8700        7.85845
UVW2            2009.02915231638        361.971        367.771    0.000841288      0.0961579      0.0182429       0.187881      0.0227726        43.3980        6.58343        67.9290        8.23350
UVW2            2009.02933483124        361.938        367.738    0.000929622      0.0934321      0.0182153       0.203310      0.0236894        43.2370        6.57122        73.4940        8.56341
UVW2            2009.02951738333        361.971        367.771    0.000892540       0.121254      0.0201560       0.218767      0.0245714        52.9670        7.27206        79.0810        8.88220
UVW2            2009.16278177464        145.444        147.775    0.000792872      0.0810790      0.0267267       0.156361      0.0327760        15.0450        3.87661        22.7200        4.76251
UVW2            2009.16295514973        381.647        387.763    0.000730391       0.134837      0.0202239       0.237815      0.0249485        59.2790        7.69279        90.6290        9.50764
UVW2            2009.16313857459        361.982        367.782    0.000718355       0.102462      0.0184447       0.194554      0.0231728        44.3740        6.65695        70.3410        8.37810
UVW2            2009.16332207340        381.658        387.774    0.000724889       0.121935      0.0193494       0.211314      0.0235185        54.2870        7.36228        80.5450        8.96440
UVW2            2009.16350661947        342.294        347.780    0.000693944      0.0969164      0.0184831       0.171322      0.0223631        39.8610        6.30956        58.5810        7.64671
UVW2            2011.32567940426        670.505        681.250     0.00109887       0.118071      0.0149464       0.233046      0.0186329        99.8770        9.98576        156.035        12.4756
UVW2            2011.32604648635        662.003        672.611     0.00114674       0.108637      0.0146226       0.218413      0.0181546        93.1950        9.64637        144.396        12.0023
UVW2            2012.14086901200        440.720        447.782    0.000884275      0.0987041      0.0167904       0.209252      0.0217791        54.4720        7.37556        92.1030        9.58614
UVW2            2012.14104771276        361.971        367.771    0.000831111       0.101167      0.0185906       0.192713      0.0230633        45.0700        6.70888        69.6740        8.33837
UVW2            2012.46018564187        165.131        167.778     0.00187798       0.141205      0.0344175       0.304259      0.0428939        32.0670        5.65680        50.1490        7.06991
UVW2            2012.46037478288        263.546        267.769     0.00168115      0.0752364      0.0216580       0.222733      0.0290560        32.3480        5.68374        58.6200        7.64712
UVW2            2012.46055297859        224.182        227.775     0.00181609      0.0816906      0.0244215       0.243429      0.0329334        29.7510        5.45052        54.4910        7.37205
UVW2            2012.46075171018        558.821        567.776     0.00145854       0.147468      0.0184122       0.283230      0.0224980        105.195        10.2460        158.000        12.5505
UVW2            2012.46092279934        322.607        327.777     0.00201663       0.109207      0.0227625       0.311593      0.0310554        53.4780        7.30628        100.330        9.99956
UVW2            2012.46110625535        302.920        307.774     0.00195039       0.109436      0.0233896       0.303400      0.0316252        49.7950        7.05026        91.7350        9.56208
UVW2            2013.12597519943        232.055        235.773    0.000701809       0.108308      0.0235404       0.194108      0.0289086        29.7090        5.44681        44.9900        6.70039
UVW2            2013.12616417841        499.770        507.779    0.000812000       0.112985      0.0165149       0.190622      0.0195212        67.8260        8.22958        95.1560        9.74471
UVW2            2013.12631724837        453.511        460.779    0.000970473       0.115387      0.0177866       0.212251      0.0216229        64.7420        8.04000        96.1330        9.79345
UVW2            2013.12688944696        399.369        405.769    0.000733362      0.0722713      0.0152885       0.151688      0.0194820        37.1160        6.08922        60.5230        7.77325
