       54021.7221253304        16.1568      0.0491515
       54021.7221253304                              
       54025.0635356903        16.2030      0.0569577
       54025.0635356903                              
       54027.1753847293        16.0644      0.0588668
       54027.1753847293                              
       54030.5258600941        16.1132      0.0512969
       54030.5258600941                              
       54033.0661604122        16.1139      0.0593108
       54033.0661604122                              
       54040.2436302598        16.1692      0.0573728
       54040.2436302598                              
       54044.3305639544        16.0843      0.0651338
       54044.3305639544                              
       54048.0914926910        16.1017      0.0748760
       54048.0914926910                              
       54052.8228250295        16.1269      0.0609249
       54052.8228250295                              
       54056.6424987947        16.1083      0.0597709
       54056.6424987947                              
       54060.5274687910        15.9737      0.0696668
       54060.5274687910                              
       54063.5717752316        16.0993      0.0566561
       54063.5717752316                              
       54067.0419855674        16.0895      0.0548034
       54067.0419855674                              
       54071.0548035525        16.1020      0.0545065
       54071.0548035525                              
       54079.6349564243        16.1633      0.0544031
       54079.6349564243                              
       54085.1526111884        16.0844      0.0484858
       54085.1526111884                              
       54089.4214956701        16.1193      0.0494755
       54089.4214956701                              
       54093.5434987856        16.0875      0.0389357
       54093.5434987856                              
       54097.3024678265        16.0845      0.0408898
       54097.3024678265                              
       54101.5554870470        16.0439      0.0454418
       54101.5554870470                              
       54106.5722795165        16.1278      0.0429815
       54106.5722795165                              
       54115.6932376493        16.0684      0.0437810
       54115.6932376493                              
       54126.6922851354        16.0801      0.0417384
       54126.6922851354                              
       54129.3100479289        16.0994      0.0397337
       54129.3100479289                              
       54131.4733117098        16.0782      0.0513967
       54131.4733117098                              
       54132.0556158671        16.0716      0.0505713
       54132.0556158671                              
       54134.4019731701        16.0911      0.0554620
       54134.4019731701                              
       54136.4408401609        16.0833      0.0451645
       54136.4408401609                              
       54139.4868816737        16.1213      0.0441744
       54139.4868816737                              
       54144.2644575007        16.0726      0.0405734
       54144.2644575007                              
       54146.7394537809        16.1213      0.0403119
       54146.7394537809                              
       54149.7226562348        16.1282      0.0404848
       54149.7226562348                              
       54153.7077884128        16.1127      0.0417834
       54153.7077884128                              
       54186.5064518824        16.1118      0.0377205
       54186.5064518824                              
       54407.7294900103        16.1605      0.0457427
       54407.7294900103                              
       54541.1660846699        16.1000      0.0480908
       54541.1660846699                              
       54842.6502375978        16.0549      0.0430862
       54842.6502375978                              
       54891.5904061340        16.1364      0.0446083
       54891.5904061340                              
       55565.8135011391        16.1210      0.0439710
       55565.8135011391                              
       55974.7288365833        16.1397      0.0594782
       55974.7288365833                              
       55979.2379908025        16.1479      0.0529409
       55979.2379908025                              
