UVW2            6922.44361828081        141.502        143.770       0.304110      0.0481660    0.000796119       0.432766      0.0552460
UVW2            6923.22749986220        9.61358        9.76764       0.182928       0.147462    0.000897101       0.208305       0.147128
UVW2            6923.22819363698        75.9283        79.7771     -0.0290546      0.0134392     0.00102739        0.00000      0.0131703
UVW2            6924.50416581519        107.308        109.027       0.266666      0.0518882    0.000722075       0.468974      0.0660356
UVW2            6925.69744970975        9.61358        9.76764       0.302347       0.180876    0.000401800       0.313702       0.180507
UVW2            6925.69813904678        75.9145        79.7680     -0.0213875      0.0133712    0.000756199        0.00000      0.0131727
UVW2            6926.09266381431        68.3134        69.4081       0.262678      0.0650761    0.000893717       0.367550      0.0732873
UVW2            6926.28408772917        9.60272        9.75660       0.394312       0.209462    0.000899037       0.424317       0.209997
UVW2            6926.28477248270        75.9189        79.7713     -0.0224704      0.0133803    0.000794816        0.00000      0.0131720
UVW2            6927.67516316520        210.163        213.531       0.351955      0.0428418     0.00110489       0.542529      0.0507431
UVW2            6927.81680395035        372.906        378.882       0.355341      0.0318796    0.000765076       0.494469      0.0363717
UVW2            6928.55490503134        112.715        114.522       0.310669      0.0543173    0.000723276       0.405344      0.0599107
UVW2            6928.61511604022        359.017        364.770       0.309312      0.0303700    0.000709260       0.449515      0.0353471
UVW2            6929.55663392181        54.7398        55.6170       0.269605      0.0730415    0.000748187       0.385549      0.0838481
UVW2            6929.61499764165        195.645        198.780       0.308837      0.0409841    0.000642658       0.452336      0.0480322
UVW2            6930.55096429586        73.9057        75.0901       0.384849      0.0741128    0.000667729       0.522906      0.0840111
UVW2            6930.68040028866        319.654        324.776       0.367036      0.0349872    0.000778788       0.533748      0.0408114
UVW2            6931.54667260824        95.1349        96.6594       0.301603      0.0583851    0.000749302       0.400848      0.0648499
UVW2            6931.79895057483        9.60272        9.75660       0.294667       0.180728    0.000618893       0.416571       0.208075
UVW2            6931.79975055810        94.9468        99.7732        0.00000      0.0105341        0.00000        0.00000      0.0105322
UVW2            6932.20644156681        87.2730        88.6716       0.347059      0.0650210    0.000709788       0.478837      0.0739883
UVW2            6932.40018990124        457.442        464.773       0.373884      0.0294418    0.000735542       0.461492      0.0317279
UVW2            6933.72829681542        437.766        444.781       0.298106      0.0270498    0.000721652       0.470026      0.0327309
UVW2            6934.59864864871        113.486        115.305       0.286394      0.0525946    0.000913925       0.427435      0.0613091
UVW2            6934.65609747032        319.654        324.776       0.394446      0.0361907    0.000778213       0.522107      0.0403650
UVW2            6935.64771384792        272.417        276.783       0.371620      0.0383502    0.000948769       0.504555      0.0429853
UVW2            6935.65932197403        70.0183        71.1403     -0.0258312      0.0145216    0.000912783        0.00000      0.0142820
UVW2            6935.79600139800        378.704        384.773       0.346693      0.0312355    0.000735060       0.504202      0.0364448
UVW2            6937.25776019925        99.2613        100.852       0.423882      0.0673044    0.000823395       0.549281      0.0742924
UVW2            6937.78659741348        339.330        344.768     -0.0212968     0.00314003    0.000751755        0.00000     0.00294698
UVW2            6938.28461644379        189.607        17660.3       0.363260      0.0451606    0.000756478       0.504344      0.0515132
UVW2            6939.19917231426        403.408        5904.99     -0.0275195     0.00272340    0.000975644        0.00000     0.00247888
UVW2            6939.21445386484        204.430        6264.35       0.309128      0.0404595    0.000835090       0.464690      0.0476248
UVW2            6939.63974174671        210.967        214.348     -0.0216392     0.00493746    0.000768100        0.00000     0.00474008
UVW2            6940.27910230681        243.761        5772.85       0.282979      0.0356004    0.000855667       0.435085      0.0422046
UVW2            6941.16545424564        322.596        327.766     -0.0227481     0.00330510    0.000806552        0.00000     0.00309985
UVW2            6941.74616108416        216.451        5945.32      0.0684511      0.0202002    0.000687639       0.111247      0.0226647
UVW2            6942.16092380509        349.179        354.775     -0.0207151     0.00305138    0.000732453        0.00000     0.00286386
UVW2            6942.81184369558        201.031        5875.39       0.135735      0.0277554    0.000654448       0.188313      0.0305926
UVW2            6943.23009246029        323.596        328.781       0.332100      0.0330986    0.000730968       0.439322      0.0368078
UVW2            6945.16137362365        320.588        325.725     -0.0257290     0.00335161    0.000907653        0.00000     0.00311927
UVW2            6945.76090063993        296.025        300.768     -0.0175587     0.00353850    0.000620550        0.00000     0.00337810
UVW2            6946.45289160451        502.507        5998.80     -0.0184282     0.00215560    0.000650899        0.00000     0.00199002
UVW2            6947.41547052842        677.704        12794.0       0.358874      0.0236955    0.000693201       0.514641      0.0275235
UVW2            6948.75373982079        243.869        247.777       0.237792      0.0326010    0.000710319       0.369386      0.0388851
UVW2            6950.53149023699        480.094        487.787     -0.0193803     0.00225749    0.000682622        0.00000     0.00208293
UVW2            6952.93308123993        441.697        448.775     -0.0196843     0.00244046    0.000698358        0.00000     0.00226400
UVW2            6954.25053835521        532.249        540.779     -0.0204057     0.00206045    0.000722726        0.00000     0.00187882
UVW2            6958.26391464984        466.075        17491.6     -0.0239333     0.00235782    0.000849985        0.00000     0.00214558
UVW2            6959.36485633487        485.013        492.785     -0.0220687     0.00225867    0.000780297        0.00000     0.00206180
UVW2            6960.17271214770        381.658        387.774     -0.0231593     0.00282862    0.000817938        0.00000     0.00262015
UVW2            6966.36559221148        455.249        17450.1       0.136275      0.0190148    0.000972953       0.232389      0.0225811
UVW2            6967.40253930958        206.471        209.780     -0.0216488     0.00504112    0.000767177        0.00000     0.00484329
UVW2            6969.38745075976        806.133        34635.8     -0.0288932     0.00148667     0.00101977        0.00000     0.00124049
UVW2            6971.71519125486        890.821        46917.0     -0.0265294     0.00134818    0.000936910    0.000663435     0.00112256
UVW2            6973.90126639092        141.502        143.770     -0.0375784     0.00741066     0.00132611        0.00000     0.00706702
UVW2            6975.26735755662        528.090        96985.0      0.0662826      0.0137487     0.00115988       0.143794      0.0164956
UVW2            6977.15512492787        276.120        34647.9       0.360885      0.0381174     0.00132915       0.551434      0.0446305
UVW2            6979.58024117304        742.966        63300.0       0.230053      0.0190707     0.00135988       0.397403      0.0231059
UVW2            6988.91987846512        3026.95        82242.1      0.0888924     0.00640500     0.00122120       0.189630     0.00791145
UVW2            7039.71937963180        1911.98        45767.8      0.0776045     0.00777557     0.00130733       0.170053     0.00942706
UVW2            7394.99211931555        511.585        519.783       0.331977      0.0266177     0.00100379       0.481290      0.0306374
UVW2            7418.03400501609        518.024        80077.4      0.0895026      0.0153193     0.00110219       0.182489      0.0187610
