       54021.7464457044        16.6985      0.0431874
       54021.7464457044                              
       54025.0586247001        16.7192      0.0495738
       54025.0586247001                              
       54027.1674931259        16.7111      0.0518789
       54027.1674931259                              
       54030.5223611002        16.7282      0.0466012
       54030.5223611002                              
       54033.0579711515        16.7723      0.0520973
       54033.0579711515                              
       54036.0592247576        16.7786      0.0724341
       54036.0592247576                              
       54040.2420915889        16.7945      0.0511633
       54040.2420915889                              
       54044.3276570221        16.7376      0.0569438
       54044.3276570221                              
       54048.0893337377        16.7623      0.0633651
       54048.0893337377                              
       54052.8212420580        16.8264      0.0549709
       54052.8212420580                              
       54056.6408351307        16.7868      0.0540241
       54056.6408351307                              
       54060.5266201115        16.7886      0.0645035
       54060.5266201115                              
       54063.5692747554        16.7409      0.0509515
       54063.5692747554                              
       54067.0371243139        16.7820      0.0500866
       54067.0371243139                              
       54071.0497930218        16.7351      0.0492752
       54071.0497930218                              
       54079.6292878141        16.6715      0.0474375
       54079.6292878141                              
       54085.1473132796        16.7789      0.0458010
       54085.1473132796                              
       54089.4184511459        16.7640      0.0460822
       54089.4184511459                              
       54093.5482576263        16.7240      0.0401455
       54093.5482576263                              
       54097.3086142095        16.7436      0.0416006
       54097.3086142095                              
       54101.5522908844        16.7095      0.0436127
       54101.5522908844                              
       54106.5687928457        16.7532      0.0418581
       54106.5687928457                              
       54115.6909889253        16.7438      0.0424947
       54115.6909889253                              
       54126.6875663260        16.7584      0.0412902
       54126.6875663260                              
       54129.3040883645        16.7480      0.0399550
       54129.3040883645                              
       54131.4721443781        16.7472      0.0476018
       54131.4721443781                              
       54132.0492329892        16.7293      0.0469744
       54132.0492329892                              
       54134.4010054273        16.7071      0.0497972
       54134.4010054273                              
       54136.4377698420        16.7255      0.0419600
       54136.4377698420                              
       54139.4833461589        16.7878      0.0426255
       54139.4833461589                              
       54144.2610093303        16.6980      0.0403903
       54144.2610093303                              
       54146.7361682944        16.7425      0.0402367
       54146.7361682944                              
       54149.7147018689        16.7116      0.0402322
       54149.7147018689                              
       54153.7039056929        16.7261      0.0405341
       54153.7039056929                              
       54186.5184467995        16.7505      0.0388635
       54186.5184467995                              
       54407.7263059786        16.7931      0.0433967
       54407.7263059786                              
       54541.1628204453        16.7320      0.0450912
       54541.1628204453                              
       54842.6447967326        16.7421      0.0422243
       54842.6447967326                              
       54891.5867053814        16.7750      0.0429628
       54891.5867053814                              
       55565.8070432429        16.7603      0.0425413
       55565.8070432429                              
       55974.7869876047        16.7098      0.0426862
       55974.7869876047                              
       55979.2319671341        16.7291      0.0478350
       55979.2319671341                              
