UVW2            2006.78147636665        569.341        591.777     0.00132893       0.103037      0.0157503       0.214840      0.0194156        79.9530        8.93482        122.156        11.0395
UVW2            2006.78166026055        569.652        578.781     0.00127347       0.103618      0.0156892       0.208316      0.0191136        79.4380        8.90605        118.516        10.8742
UVW2            2006.79062892887        315.704        320.763     0.00110941      0.0980254      0.0202857       0.185413      0.0242237        40.8120        6.38394        58.4690        7.63881
UVW2            2006.79081429304        335.391        340.766     0.00103669      0.0577975      0.0161496       0.137875      0.0202687        29.1880        5.40004        46.2030        6.79219
UVW2            2006.79649949080        527.312        535.762     0.00103597      0.0932799      0.0152749       0.179556      0.0184452        64.5620        8.02971        94.5780        9.71565
UVW2            2006.80164445700        329.484        334.764     0.00125393      0.0967726      0.0200789       0.211639      0.0253317        43.5160        6.59193        69.6410        8.33554
UVW2            2006.80183466292        168.034        170.727     0.00155917      0.0510675      0.0238595       0.156464      0.0305034        15.9690        3.99406        26.2660        5.12069
UVW2            2006.80201147569        325.555        330.772     0.00123158      0.0695772      0.0179508       0.178448      0.0234024        33.9530        5.82362        58.0310        7.61043
UVW2            2006.80786478356        55.2936        56.1796     0.00110665      0.0997696      0.0487822       0.191423      0.0588116        7.23900        2.68863        10.5720        3.24808
UVW2            2006.80804671996        91.4538        92.9193    0.000974606      0.0618219      0.0313184       0.169398      0.0430210        8.15800        2.85484        15.4760        3.93034
UVW2            2006.80971359704        128.704        130.766     0.00135438      0.0926441      0.0319744       0.186322      0.0380317        16.8440        4.10123        23.9530        4.88923
UVW2            2006.81262716984        547.010        555.776     0.00107210      0.0622069      0.0130361       0.167445      0.0174891        50.5620        7.10713        91.5000        9.55687
UVW2            2006.82083661100        170.142        172.869    0.000788793       0.132453      0.0302077       0.213702      0.0354225        26.2970        5.12376        36.3120        6.01896
UVW2            2006.83182909464        92.2828        93.7616    0.000752863      0.0247601      0.0223984      0.0780910      0.0290844        4.25000        2.06104        7.20300        2.68270
UVW2            2006.83201258001        111.971        113.765    0.000771399      0.0555350      0.0263434       0.154347      0.0371141        8.65600        2.94087        17.2660        4.15176
UVW2            2006.83219609632        92.2952        93.7742    0.000717496      0.0230710      0.0217408       0.130968      0.0376582        4.00000        1.99953        12.0780        3.47287
UVW2            2006.83237953832        111.981        113.776    0.000975922      0.0890804      0.0323589       0.242733      0.0465311        13.0470        3.60978        27.1410        5.20284
UVW2            2006.83256258126        102.122        103.758    0.000838838      0.0442899      0.0258598       0.127095      0.0352676        6.93800        2.63304        12.9690        3.59877
UVW2            2006.83274507933        102.132        103.768    0.000865282      0.0671234      0.0300131       0.184255      0.0424561        9.34400        3.05528        18.7970        4.33122
UVW2            2006.84025811765        103.409        105.066    0.000748966      0.0650855      0.0289236       0.153177      0.0384733        8.90400        2.98256        15.8250        3.97476
UVW2            2006.84044158187        44.3804        45.0915    0.000917496      0.0435011      0.0396370       0.125174      0.0530926        3.07800        1.75376        5.55100        2.35446
UVW2            2006.84338291876        178.906        181.773    0.000844519       0.126674      0.0290506       0.182036      0.0318846        26.9060        5.18286        32.5310        5.69796
UVW2            2006.84356632321        198.582        201.764    0.000851294       0.142000      0.0289630       0.210275      0.0325244        32.9380        5.73399        41.7030        6.45042
UVW2            2006.85368032743        138.563        140.784     0.00121143      0.0830903      0.0291721       0.183675      0.0363926        16.2500        4.02856        25.4220        5.03700
UVW2            2006.85386474711        138.541        140.761     0.00126480       0.123760      0.0340067       0.223164      0.0401139        22.0780        4.69466        30.8750        5.54980
UVW2            2006.86636115669        118.269        120.773     0.00185913       0.107035      0.0368279       0.252637      0.0461975        18.8590        4.33985        29.8440        5.45730
UVW2            2006.86654545322        118.260        120.765     0.00185487      0.0902300      0.0348284       0.243909      0.0453948        16.8590        4.10357        28.8120        5.36231
UVW2            2006.86672800256        118.268        120.772     0.00187583      0.0907823      0.0349641       0.219803      0.0430936        17.0000        4.12067        25.9690        5.09138
UVW2            2006.86691147508        137.853        140.773     0.00190818       0.154298      0.0389801       0.373893      0.0520446        28.6720        5.35005        51.4530        7.16207
UVW2            2006.86709303841        79.1042        80.7795     0.00185475      0.0489930      0.0359183       0.199682      0.0502244        8.01600        2.83008        15.7810        3.96927
UVW2            2006.87663390047        111.417        113.776     0.00165415      0.0520713      0.0298564       0.155493      0.0373474        11.0000        3.31528        17.3120        4.15811
UVW2            2006.87700143837        98.6823        100.772     0.00184923       0.128408      0.0428866       0.260300      0.0513353        17.8120        4.21730        25.6560        5.05976
UVW2            2006.87718402240        98.6815        100.771     0.00207533      0.0730880      0.0366487       0.191919      0.0440852        13.0000        3.60360        18.9220        4.34651
UVW2            2006.87736843073        98.6821        100.772     0.00227174      0.0728505      0.0373886       0.244435      0.0497477        13.5160        3.67434        24.0940        4.90364
UVW2            2006.87755091984        98.6811        100.771     0.00197016      0.0576502      0.0340165       0.219841      0.0471810        11.1880        3.34329        21.6720        4.65112
UVW2            2006.87773534201        98.6824        100.772     0.00194264       0.127298      0.0430787       0.264272      0.0517251        17.9690        4.23581        26.0470        5.09809
UVW2            2006.88653927272        39.9327        40.7784     0.00193652       0.167678      0.0747937       0.275817      0.0830677        8.87500        2.97637        11.0000        3.31287
UVW2            2006.88672181052        39.9326        40.7783     0.00199538      0.0245810      0.0451959       0.107660      0.0519135        3.23400        1.79773        4.29700        2.07200
UVW2            2006.88690433250        39.9247        40.7702     0.00193584       0.120776      0.0664942       0.318269      0.0892339        7.00000        2.64384        12.6880        3.55737
UVW2            2006.88708876860        39.9321        40.7778     0.00195622      0.0448101      0.0502491       0.150360      0.0613463        4.00000        1.99918        6.00000        2.44798
UVW2            2006.88727125440        39.9224        40.7678     0.00189350      0.0968407      0.0615089       0.180200      0.0671630        6.00000        2.44798        7.18800        2.67906
UVW2            2006.88745571634        39.9316        40.7772     0.00177210       0.134336      0.0681399       0.297795      0.0863118        7.35900        2.71069        11.8750        3.44180
UVW2            2006.88892154773        39.9238        40.7693     0.00201478       0.168711      0.0753286       0.264102      0.0812952        9.00000        2.99722        10.5310        3.24163
UVW2            2006.88910501935        59.4681        60.7275     0.00204171      0.0508313      0.0428756       0.215659      0.0601970        6.45300        2.53914        12.8120        3.57622
UVW2            2006.89588109297        181.858        184.772     0.00161883      0.0984978      0.0282525       0.244806      0.0366686        26.2190        5.11644        44.4530        6.65845
UVW2            2006.89606363145        181.859        184.773     0.00167110      0.0591114      0.0242471       0.145071      0.0282341        19.3280        4.39382        26.3590        5.13006
UVW2            2006.89624705773        161.193        163.776     0.00179774       0.117258      0.0323623       0.207313      0.0358449        27.0620        5.19737        33.3750        5.77061
UVW2            2006.89642861780        142.483        144.766     0.00141278       0.100371      0.0314574       0.220944      0.0393580        19.9690        4.46527        31.4380        5.60024
UVW2            2006.90556547441        355.078        360.768    0.000928901      0.0925381      0.0183288       0.193983      0.0233626        42.1410        6.48743        68.7970        8.28567
UVW2            2006.90573970137        289.132        293.765    0.000881380      0.0719227      0.0183398       0.156165      0.0232318        27.9840        5.28721        45.1090        6.71063
UVW2            2006.91654655512        332.451        337.778    0.000749934       0.125418      0.0210339       0.201784      0.0246248        48.6880        6.97213        67.0000        8.17639
UVW2            2006.91673093079        332.448        337.776    0.000733360       0.123484      0.0208588       0.190855      0.0239494        47.8910        6.91492        63.3750        7.95260
UVW2            2006.94003720411        365.884        371.748     0.00111843       0.136672      0.0214851       0.228792      0.0249928        61.4840        7.83402        83.5940        9.13163
UVW2            2006.94022078214        385.594        391.773     0.00111316      0.0576709      0.0152403       0.149582      0.0196889        34.3440        5.85754        57.6250        7.58495
UVW2            2006.95505443840        351.138        356.765    0.000841234      0.0899249      0.0180286       0.175645      0.0223562        39.8910        6.31204        61.6090        7.84166
UVW2            2006.95523123043        311.773        316.769    0.000784898      0.0716703      0.0173790       0.139946      0.0211796        29.2340        5.40409        43.5940        6.59756
UVW2            2006.95541763770        351.149        356.776    0.000826141      0.0777622      0.0170018       0.154908      0.0209958        35.4840        5.95358        54.3440        7.36564
UVW2            2006.96656026704        208.409        211.748    0.000782545      0.0883164      0.0230596       0.157593      0.0274884        23.0000        4.79296        32.8120        5.72328
UVW2            2006.96674376428        188.742        191.766    0.000739647       0.108533      0.0262310       0.187063      0.0314679        24.4060        4.93677        35.2660        5.93249
UVW2            2006.96692625867        188.742        191.767    0.000768499      0.0784349      0.0230733       0.136130      0.0268475        18.8910        4.34402        25.6720        5.06301
UVW2            2006.96711066283        188.753        191.778    0.000694184      0.0849819      0.0235727       0.118293      0.0250272        19.7340        4.43977        22.3120        4.72053
UVW2            2006.96729321699        188.753        191.778    0.000683573      0.0441306      0.0183644      0.0847262      0.0211824        11.9690        3.45843        15.9840        3.99616
UVW2            2006.97755860289        153.309        155.766    0.000749158      0.0700081      0.0244266       0.125967      0.0286560        13.9690        3.73566        19.2970        4.38983
UVW2            2006.97774157922        182.835        185.765    0.000732063      0.0894645      0.0245867       0.159710      0.0295443        20.1250        4.48341        29.1720        5.39643
UVW2            2006.97795031200        100.155        101.760    0.000789449      0.0896594      0.0335008       0.189927      0.0435274        11.2030        3.34506        19.0000        4.35441
UVW2            2006.97813563497        159.219        161.770    0.000759128       0.101328      0.0278116       0.163852      0.0320672        19.5310        4.41644        26.0620        5.10056
UVW2            2006.97831691966        80.4673        81.7568    0.000713804      0.0544337      0.0304944      0.0870384      0.0328819        6.00000        2.44850        7.00000        2.64450
UVW2            2006.97848565212        50.9434        51.7598    0.000766607       0.135220      0.0555743       0.191929      0.0613522        7.98400        2.82319        9.76600        3.12181
UVW2            2006.97866878874        25.3596        25.7660    0.000825712      0.0314883      0.0466209      0.0789039      0.0557696        1.39100        1.17906        2.00000        1.41361
UVW2            2006.97885145110        35.2076        35.7718    0.000937116      0.0582821      0.0491880       0.142139      0.0635174        2.98400        1.72663        5.00000        2.23434
UVW2            2006.97903572432        25.3483        25.7545    0.000550400       0.102922      0.0684607       0.172146      0.0823755        3.00000        1.73094        4.35900        2.08587
UVW2            2006.97922063014        172.997        175.769    0.000719498      0.0889539      0.0251742       0.154682      0.0298911        18.8910        4.34380        26.7340        5.16615
UVW2            2006.98768387479        94.2367        95.7468    0.000874626       0.124837      0.0399023       0.197711      0.0457828        14.0780        3.74902        18.6090        4.30919
UVW2            2006.98786138913        133.623        135.765    0.000769412       0.110641      0.0315337       0.203129      0.0389706        17.6720        4.20079        27.1090        5.20089
UVW2            2006.98895392838        94.2485        95.7588    0.000764342      0.0979027      0.0356655       0.177746      0.0434091        11.2500        3.35193        16.7340        4.08678
UVW2            2006.98913758923        163.147        165.762    0.000817106      0.0850219      0.0257777       0.122871      0.0274353        17.6250        4.19575        20.0310        4.47262
UVW2            2006.98932199704        163.148        165.762    0.000748274      0.0443942      0.0200820      0.0984183      0.0245554        10.6880        3.26809        16.0470        4.00373
UVW2            2006.99977338574        71.6287        72.7765    0.000773379      0.0429383      0.0301572       0.138862      0.0440155        4.64100        2.15354        9.93800        3.15008
UVW2            2006.99996256926        209.386        212.741    0.000823959       0.101005      0.0244044       0.174056      0.0288199        26.0000        5.09558        36.4060        6.02804
UVW2            2007.00015367875        347.206        352.770    0.000929077      0.0790223      0.0174480       0.156397      0.0212159        36.5310        6.04063        54.2500        7.35921
UVW2            2007.00033618047        347.206        352.770    0.000974878      0.0768123      0.0173724       0.165234      0.0218065        36.2030        6.01349        57.3120        7.56368
UVW2            2007.00052060875        347.110        352.672    0.000970133       0.105386      0.0195981       0.200832      0.0240424        46.0470        6.78090        69.6250        8.33507
UVW2            2007.01332836064        159.205        161.757    0.000868101      0.0980843      0.0277977       0.172721      0.0329243        19.5000        4.41294        27.4690        5.23618
UVW2            2007.01351862954        278.317        282.777    0.000751127      0.0762109      0.0187436       0.155266      0.0236108        27.0940        5.20244        43.1720        6.56500
UVW2            2007.01370201755        297.016        301.776    0.000897722      0.0826641      0.0191069       0.157868      0.0230460        32.0620        5.65901        46.8440        6.83840
UVW2            2007.01388653340        297.016        301.775    0.000797498      0.0643888      0.0171353       0.121505      0.0202201        25.7970        5.07668        36.0620        6.00120
UVW2            2007.01406891279        297.017        301.777    0.000938815      0.0511980      0.0162158       0.133415      0.0211872        23.0780        4.80193        39.5940        6.28782
UVW2            2007.01425155001        297.007        301.766    0.000923928      0.0672363      0.0177665       0.135052      0.0213171        27.7190        5.26222        40.0780        6.32608
UVW2            2007.01443584994        297.016        301.775    0.000973841      0.0559302      0.0167960       0.128094      0.0207608        24.7660        4.97429        38.0160        6.16143
UVW2            2007.03812030225        183.823        186.769     0.00114674       0.120836      0.0289281       0.202724      0.0331929        28.1410        5.30040        37.2190        6.09403
UVW2            2007.03830373976        203.511        206.772     0.00120553       0.118312      0.0274153       0.211182      0.0321972        30.9690        5.56038        42.9220        6.54398
UVW2            2007.03848722867        183.824        186.770     0.00138761      0.0503416      0.0221427       0.181080      0.0313725        16.4530        4.05426        33.2500        5.76062
UVW2            2007.03867065550        203.500        206.761     0.00114847      0.0734202      0.0228609       0.160556      0.0280780        21.5310        4.63748        32.6410        5.70825
UVW2            2007.03885320920        203.512        206.773    0.000996160      0.0823132      0.0233458       0.158006      0.0278535        22.4690        4.73731        32.1250        5.66303
UVW2            2007.03903666310        183.824        186.769     0.00105319       0.106268      0.0272578       0.194200      0.0324881        24.9840        4.99471        35.6560        5.96497
UVW2            2007.03922012157        203.511        206.772     0.00102514      0.0883988      0.0240682       0.203561      0.0316115        23.8590        4.88146        41.3750        6.42524
UVW2            2007.03940269992        203.512        206.773     0.00107763       0.126145      0.0277981       0.218570      0.0327549        31.8440        5.63825        44.4220        6.65708
UVW2            2007.03959183383        105.086        106.770     0.00111358       0.143744      0.0409052       0.219162      0.0456442        18.3910        4.28440        23.0000        4.79013
UVW2            2007.05547852900        562.757        571.775    0.000819161      0.0825150      0.0137254       0.142365      0.0159000        59.4220        7.70415        80.0470        8.93999
UVW2            2007.05566264247        543.058        551.761    0.000883127      0.0826675      0.0141047       0.160218      0.0171699        58.4060        7.63792        86.9220        9.31509
UVW2            2007.05584674719        546.988        555.754    0.000871561      0.0844724      0.0141488       0.151911      0.0166590        59.6410        7.71819        83.0160        9.10380
UVW2            2007.05603405318        487.950        495.770    0.000838211      0.0704997      0.0139193       0.147144      0.0173593        45.9220        6.77311        71.7340        8.46283
UVW2            2007.06813450177        241.897        245.773    0.000797107      0.0867572      0.0212981       0.198028      0.0285986        26.4060        5.13563        47.8440        6.90950
UVW2            2007.06831761958        242.873        246.765    0.000660204      0.0588279      0.0178935       0.117751      0.0220127        18.8120        4.33546        28.5780        5.34242
UVW2            2007.06850774170        341.310        346.779    0.000715118      0.0868412      0.0177369       0.155479      0.0213355        36.5000        6.03801        53.0160        7.27507
UVW2            2007.06869094482        340.311        345.764    0.000709983       0.110859      0.0196450       0.177882      0.0228531        44.5160        6.66729        60.4690        7.76868
UVW2            2007.06942583518        438.747        445.777    0.000728277      0.0683752      0.0142641       0.140364      0.0178804        39.0000        6.24198        61.5310        7.83819
UVW2            2007.06960644799        242.874        246.766    0.000766034       0.117707      0.0239948       0.199162      0.0286226        33.8120        5.81041        48.3120        6.94317
UVW2            2007.06979749392        380.673        386.773    0.000866521      0.0969786      0.0178915       0.154231      0.0201211        46.2030        6.79280        58.6560        7.65231
UVW2            2007.07549248961        444.655        451.781    0.000898706      0.0672537      0.0144655       0.152402      0.0185066        41.1720        6.41331        67.7030        8.22138
UVW2            2007.07567501649        444.654        451.780    0.000901559      0.0616323      0.0140259       0.129840      0.0170829        38.7190        6.21952        57.6880        7.58991
UVW2            2007.07585945474        444.655        451.780    0.000856406      0.0925912      0.0162359       0.168000      0.0194299        51.8910        7.19898        74.6250        8.63070
UVW2            2007.07604195191        444.654        451.780    0.000902091      0.0827381      0.0156309       0.154831      0.0186535        48.0940        6.93091        68.7810        8.28646
UVW2            2007.07622351828        385.594        391.773     0.00106780      0.0473416      0.0142147       0.134075      0.0186411        29.8750        5.46350        51.6560        7.18198
UVW2            2007.07640793693        424.968        431.778     0.00104531      0.0727317      0.0155444       0.155638      0.0191302        43.4220        6.58588        66.0780        8.12197
UVW2            2007.07659144832        444.622        451.747    0.000914140      0.0892550      0.0161199       0.177522      0.0199732        51.1250        7.14571        78.8440        8.87086
UVW2            2007.07677111783        346.218        351.766    0.000867713      0.0814562      0.0175306       0.178100      0.0226712        36.6560        6.05094        61.5940        7.84060
UVW2            2007.08077707194        95.2467        96.7730    0.000688005       0.140529      0.0410439       0.210421      0.0469790        15.2190        3.89777        20.0160        4.46882
UVW2            2007.08096074194        47.0239        47.7775    0.000830496       0.125520      0.0563556       0.152320      0.0568936        7.00000        2.64361        7.15600        2.67286
UVW2            2007.08114415231        66.6984        67.7672    0.000866965      0.0504696      0.0336121       0.138096      0.0454875        5.00000        2.23516        9.20300        3.03137
UVW2            2007.08132763600        47.0136        47.7670     0.00109653      0.0540729      0.0426402       0.106422      0.0475658        4.00000        1.99908        5.00000        2.23478
UVW2            2007.08151111404        66.6994        67.7683    0.000819373      0.0968460      0.0424894       0.155457      0.0482597        8.00000        2.82658        10.3590        3.21583
UVW2            2007.08169368121        66.7003        67.7691    0.000779985       0.100804      0.0429947       0.180815      0.0520437        8.18800        2.85956        12.0470        3.46747
UVW2            2007.08187704793        47.0240        47.7775    0.000755395      0.0424954      0.0369280       0.128355      0.0522294        3.00000        1.73145        6.03100        2.45410
UVW2            2007.08206154858        47.0112        47.7646    0.000866250      0.0866438      0.0486976       0.153043      0.0570361        5.21900        2.28314        7.18800        2.67882
UVW2            2007.08224401261        47.0129        47.7662    0.000758761      0.0423694      0.0369393       0.133392      0.0532500        3.00000        1.73145        6.26600        2.50139
UVW2            2007.08242849161        47.0240        47.7776    0.000792918      0.0626887      0.0426438       0.170304      0.0601559        4.00000        1.99908        8.00000        2.82581
UVW2            2007.08261100980        47.0232        47.7768    0.000817023       0.120323      0.0553301       0.234264      0.0705434        6.73400        2.59298        11.0000        3.31241
UVW2            2007.08279354705        47.0122        47.7655    0.000935000      0.0586609      0.0426316       0.106425      0.0475672        4.00000        1.99908        5.00000        2.23478
UVW2            2007.08297796295        47.0130        47.7663    0.000768458       0.169960      0.0639249       0.200660      0.0653004        9.00000        2.99688        9.42200        3.06619
UVW2            2007.08316049774        47.0234        47.7769    0.000741607      0.0711859      0.0443611       0.192621      0.0639732        4.32800        2.07934        9.04700        3.00468
UVW2            2007.08334490084        47.0112        47.7646    0.000784823      0.0240075      0.0314407      0.0954374      0.0450465        2.17200        1.47340        4.48400        2.11645
UVW2            2007.08355672318        424.966        431.776    0.000873528       0.110558      0.0178678       0.184598      0.0208328        57.4060        7.57112        78.3590        8.84320
UVW2            2007.08373923671        424.958        431.768    0.000893093      0.0933541      0.0167323       0.161869      0.0195093        50.3440        7.09079        68.7190        8.28241
UVW2            2007.08907173606        57.8389        58.7658    0.000912663       0.134330      0.0527063       0.216942      0.0612125        9.25000        3.03874        12.5310        3.53575
UVW2            2007.08925519012        77.5368        78.7793    0.000865264       0.117560      0.0428629       0.180760      0.0482628        11.0000        3.31407        14.0000        3.73799
UVW2            2007.08943869155        57.8492        58.7762    0.000869871      0.0789472      0.0423707       0.133543      0.0480313        5.98400        2.44485        7.71900        2.77630
UVW2            2007.08962219667        77.5258        78.7681     0.00111124      0.0718083      0.0365764       0.154935      0.0446882        8.00000        2.82684        12.0000        3.46119
UVW2            2007.09017067885        57.8393        58.7662     0.00101355       0.127075      0.0519758       0.184721      0.0564881        9.00000        2.99746        10.6720        3.26353
UVW2            2007.09035513998        57.8290        58.7557    0.000941955      0.0772034      0.0424480       0.138457      0.0489150        6.00000        2.44811        8.00000        2.82630
UVW2            2007.09053767348        57.8490        58.7760    0.000872003      0.0788537      0.0423876       0.167089      0.0537223        5.98400        2.44485        9.65600        3.10459
UVW2            2007.09072206485        57.8487        58.7757     0.00108460       0.141333      0.0546268       0.223683      0.0621499        9.93800        3.14952        12.9220        3.59036
UVW2            2007.09090455223        57.8482        58.7752    0.000872253      0.0888623      0.0443908       0.184692      0.0564795        6.56200        2.56006        10.6720        3.26353
UVW2            2007.09108705521        57.8395        58.7664     0.00101952       0.126206      0.0518894       0.266534      0.0678408        8.95300        2.98964        15.3910        3.91746
UVW2            2007.09420317170        57.8384        58.7653    0.000907814      0.0435101      0.0346749       0.134382      0.0481863        4.00000        1.99925        7.76600        2.78472
UVW2            2007.09457016529        58.8367        59.7796    0.000906575      0.0593909      0.0380886       0.119060      0.0449715        5.00000        2.23504        7.00000        2.64404
UVW2            2007.09475257356        58.8280        59.7707    0.000948709      0.0581743      0.0380816      0.0850380      0.0380126        5.00000        2.23504        5.00000        2.23504
UVW2            2007.09493714533        58.8254        59.7681    0.000957786       0.134120      0.0524671       0.272174      0.0679770        9.46900        3.07448        15.9840        3.99210
UVW2            2007.09640377601        58.7513        59.6928    0.000936521       0.126835      0.0511667       0.183709      0.0558945        9.00000        2.99750        10.7810        3.28017
UVW2            2007.09656727474        422.013        428.776    0.000769479      0.0667074      0.0145035       0.124646      0.0171810        37.3120        6.10542        52.5620        7.24506
UVW2            2007.09693422049        422.002        428.765    0.000752834      0.0746423      0.0151008       0.146050      0.0185970        40.4380        6.35578        61.5780        7.84095
UVW2            2007.09711292965        343.276        348.777    0.000768626       0.122096      0.0204990       0.190668      0.0235571        49.3120        7.01677        65.3750        8.07712
UVW2            2007.10279865562        405.279        411.774    0.000708536      0.0859168      0.0161945       0.151424      0.0193226        42.9060        6.54650        61.3120        7.82376
UVW2            2007.10298195342        385.594        391.773    0.000784960      0.0862062      0.0167934       0.145807      0.0194390        41.7660        6.45886        56.1720        7.48887
UVW2            2007.10315080545        119.843        121.763    0.000792118       0.143373      0.0372521       0.216454      0.0424771        19.8440        4.45065        25.9060        5.08382
UVW2            2007.10333801769        178.904        181.771    0.000818529      0.0887532      0.0250501       0.158233      0.0297287        20.0000        4.46942        28.2810        5.31342
UVW2            2007.10352341874        237.954        241.768    0.000758096      0.0871862      0.0214001       0.149919      0.0250916        25.8280        5.07913        35.6410        5.96515
UVW2            2007.10370972847        316.704        321.779    0.000758001      0.0759419      0.0175669       0.161044      0.0225414        30.8120        5.54792        50.9530        7.13190
UVW2            2007.10519793069        58.8271        59.7698    0.000848388      0.0269964      0.0295175      0.0680243      0.0339996        3.00000        1.73157        4.00000        1.99926
UVW2            2007.11636635187        89.3524        90.7843    0.000703330      0.0686871      0.0315334       0.137740      0.0392497        7.90600        2.81041        12.2970        3.50409
UVW2            2007.11649869437        222.210        225.771     0.00105830      0.0874395      0.0230254       0.153152      0.0262436        26.0620        5.10184        34.0000        5.82611
UVW2            2007.11668397606        281.260        285.767    0.000973349      0.0611912      0.0177960       0.125593      0.0211251        24.9380        4.99139        35.2970        5.93708
UVW2            2007.11687037111        359.999        365.768    0.000964807      0.0648484      0.0160295       0.140268      0.0197327        33.1410        5.75394        50.4530        7.09762
UVW2            2007.11705477980        360.011        365.780    0.000950846      0.0909568      0.0181225       0.166006      0.0214652        42.3750        6.50545        59.7030        7.71981
UVW2            2007.11723732904        360.009        365.778    0.000839796      0.0861286      0.0175039       0.183101      0.0225424        39.5160        6.28243        65.8440        8.10637
UVW2            2007.11742173806        359.998        365.767    0.000893150      0.0847218      0.0175079       0.161575      0.0211774        39.5470        6.28489        58.1090        7.61624
UVW2            2007.11760602245        362.952        368.768    0.000756162      0.0663172      0.0155712       0.145811      0.0200365        31.7970        5.63620        52.8750        7.26577
UVW2            2007.11778853853        362.954        368.770    0.000787783      0.0936496      0.0179059       0.177947      0.0221329        42.0470        6.48029        64.5160        8.02443
UVW2            2007.12314053813        362.952        368.768    0.000773379       0.107185      0.0188843       0.180146      0.0222691        46.7810        6.83488        65.3120        8.07368
UVW2            2007.12333502404        141.505        143.773    0.000808476      0.0705431      0.0257349       0.144448      0.0319390        13.2030        3.63175        20.4220        4.51553
UVW2            2007.12351860262        161.184        163.767    0.000762176       0.112765      0.0289182       0.205478      0.0356872        21.6250        4.64688        33.0780        5.74494
UVW2            2007.12370204456        141.494        143.762    0.000822068       0.157088      0.0357504       0.213185      0.0387963        25.4840        5.04323        30.1250        5.48228
UVW2            2007.12386026063        540.083        548.738    0.000823053      0.0826493      0.0140275       0.160840      0.0172505        57.1410        7.55482        86.7810        9.30750
UVW2            2007.12404280935        540.115        548.770    0.000843242      0.0909158      0.0146017       0.169528      0.0177094        61.9220        7.86415        91.4690        9.55515
UVW2            2007.12422535563        540.116        548.772    0.000852983      0.0793433      0.0138664       0.166453      0.0175482        55.8280        7.46762        89.8120        9.46836
UVW2            2007.12440972282        540.115        548.770    0.000850806      0.0547636      0.0121047       0.123998      0.0151473        42.5470        6.52002        66.9220        8.17508
UVW2            2007.12456943508        67.6871        68.7718     0.00100283      0.0751718      0.0391917       0.176562      0.0510522        7.00000        2.64427        11.9380        3.45183
UVW2            2007.13155447130        508.615        516.766    0.000820730      0.0922088      0.0150890       0.168616      0.0182005        58.6410        7.65295        85.6720        9.24745
UVW2            2007.13172351368        436.771        443.770    0.000760449      0.0969835      0.0164959       0.162253      0.0192665        51.7030        7.18586        70.7970        8.40669
UVW2            2007.13190604116        436.761        443.760    0.000769308      0.0730076      0.0147547       0.136739      0.0176882        41.3590        6.42779        59.6720        7.71903
UVW2            2007.13209140794        456.457        463.772    0.000752914      0.0881118      0.0155029       0.139028      0.0174465        49.8910        7.05916        63.4060        7.95678
UVW2            2007.13229218129        547.010        555.776    0.000813013      0.0877635      0.0142560       0.175059      0.0178820        60.5310        7.77549        95.6560        9.77110
UVW2            2007.13247644401        554.872        563.764    0.000838502       0.109822      0.0155395       0.199134      0.0189353        74.0000        8.59609        110.359        10.4938
UVW2            2007.14217845074        438.747        445.778    0.000821832      0.0884814      0.0159839       0.161629      0.0191861        48.9690        6.99354        70.8440        8.40951
UVW2            2007.14236288497        438.736        445.767    0.000906149       0.100607      0.0169888       0.161848      0.0191993        55.3280        7.43319        70.9380        8.41507
UVW2            2007.14254539726        438.748        445.779    0.000885900      0.0810657      0.0155836       0.163661      0.0193062        46.5310        6.81743        71.7340        8.46207
UVW2            2007.14272791666        438.735        445.766    0.000926030       0.110524      0.0176838       0.189364      0.0207660        59.9220        7.73519        82.9840        9.10020
UVW2            2007.14294157402        305.877        310.778    0.000905902      0.0844428      0.0190011       0.163576      0.0231164        33.6250        5.79525        49.9840        7.06366
UVW2            2007.14332176204        61.2583        62.2400    0.000897864      0.0562752      0.0365936       0.139382      0.0476846        5.00000        2.23508        8.53100        2.91858
UVW2            2007.14349751907        171.020        173.761    0.000955449       0.105325      0.0278695       0.192550      0.0335391        22.6090        4.75148        32.8910        5.72908
UVW2            2007.14368666067        72.6179        73.7816    0.000845589       0.210656      0.0569392       0.317344      0.0660569        17.0000        4.11786        23.0000        4.78758
UVW2            2007.21864125099        1591.57        1617.07    0.000794777      0.0882144     0.00835493       0.163829      0.0101418        176.058        13.2607        260.483        16.1251
UVW2            2007.21882377055        1591.66        1617.16    0.000780298      0.0812565     0.00807213       0.156450     0.00991067        164.359        12.8131        248.775        15.7592
UVW2            2007.21900723859        1533.00        1557.56    0.000782440      0.0708290     0.00780337       0.146249     0.00976395        142.471        11.9301        223.997        14.9547
UVW2            2007.21937324614        1591.39        1616.90    0.000791314      0.0718803     0.00771149       0.150559     0.00972322        149.927        12.2382        239.377        15.4592
UVW2            2007.21953675642        1709.57        1736.97    0.000815552      0.0702930     0.00740330       0.149442     0.00934631        159.458        12.6213        255.248        15.9635
UVW2            2007.21974018225        1591.87        1617.38    0.000757105      0.0768454     0.00787076       0.151878     0.00976423        156.306        12.4956        241.545        15.5289
UVW2            2009.02878527097        361.960        367.760    0.000894333      0.0696163      0.0162240       0.142790      0.0198551        34.3290        5.85608        51.6390        7.18046
UVW2            2009.02896778198        361.971        367.771    0.000858378      0.0954967      0.0182243       0.179120      0.0222358        43.3170        6.57729        64.7650        8.03985
UVW2            2009.02915231638        361.971        367.771    0.000841288      0.0753791      0.0165753       0.145254      0.0200253        35.8420        5.98360        52.5310        7.24211
UVW2            2009.02933483124        361.938        367.738    0.000929622      0.0933610      0.0182031       0.159138      0.0209608        43.2230        6.57016        57.5420        7.57909
UVW2            2009.02951738333        361.971        367.771    0.000892540      0.0810842      0.0171707       0.164832      0.0213312        38.4490        6.19715        59.6040        7.71346
UVW2            2009.16278177464        145.444        147.775    0.000792872      0.0977859      0.0287950       0.152510      0.0323702        17.4730        4.17734        22.1610        4.70365
UVW2            2009.16295514973        381.647        387.763    0.000730391       0.102626      0.0179981       0.169540      0.0210684        46.9930        6.85056        64.6370        8.03232
UVW2            2009.16313857459        361.982        367.782    0.000718355       0.124036      0.0199978       0.201442      0.0235790        52.1760        7.21764        72.8280        8.52461
UVW2            2009.16332207340        381.658        387.774    0.000724889      0.0869311      0.0168105       0.165187      0.0207961        40.9870        6.39838        62.9810        7.92894
UVW2            2009.16350661947        342.294        347.780    0.000693944      0.0719935      0.0163927       0.147434      0.0207466        31.3510        5.59641        50.4200        7.09502
UVW2            2011.32567940426        670.505        681.250     0.00109887      0.0890462      0.0134122       0.175485      0.0161711        80.4720        8.96477        117.537        10.8311
UVW2            2011.32604648635        662.003        672.611     0.00114674      0.0839284      0.0132855       0.185887      0.0167496        76.9350        8.76572        122.917        11.0756
UVW2            2012.14086901200        440.720        447.782    0.000884275      0.0770360      0.0152412       0.140228      0.0178317        44.9290        6.69920        61.7480        7.85201
UVW2            2012.14104771276        361.971        367.771    0.000831111       0.104028      0.0188066       0.177570      0.0221394        46.1420        6.78809        64.2050        8.00508
UVW2            2012.46018564187        165.131        167.778     0.00187798       0.112021      0.0317207       0.264309      0.0399826        27.2440        5.21490        43.5750        6.59167
UVW2            2012.46037478288        263.546        267.769     0.00168115      0.0496547      0.0192627       0.174605      0.0257289        25.5880        5.05579        45.9670        6.77347
UVW2            2012.46055297859        224.182        227.775     0.00181609      0.0784906      0.0241279       0.247416      0.0332017        29.0340        5.38453        55.3820        7.43192
UVW2            2012.46075171018        558.821        567.776     0.00145854      0.0904114      0.0153946       0.234672      0.0204811        73.5160        8.56802        130.951        11.4288
UVW2            2012.46092279934        322.607        327.777     0.00201663      0.0767321      0.0204287       0.264521      0.0286169        43.0750        6.55840        85.1980        9.21703
UVW2            2012.46110625535        302.920        307.774     0.00195039      0.0727791      0.0206317       0.253209      0.0288946        38.7420        6.21998        76.5830        8.73915
UVW2            2013.12597519943        232.055        235.773    0.000701809      0.0958678      0.0223669       0.167102      0.0268240        26.8300        5.17652        38.7370        6.21826
UVW2            2013.12616417841        499.770        507.779    0.000812000      0.0752541      0.0140430       0.155386      0.0176263        49.0340        6.99870        77.5830        8.80069
UVW2            2013.12631724837        453.511        460.779    0.000970473      0.0712383      0.0147800       0.130858      0.0169814        44.7340        6.68477        59.2980        7.69505
UVW2            2013.12688944696        399.369        405.769    0.000733362      0.0783109      0.0157825       0.168470      0.0205306        39.5450        6.28510        67.2120        8.19080
