U               2655.67812192021        145.455        147.786        1.04704       0.100335      0.0133956        2.23123       0.123199
U               2655.74541494390        142.501        144.785       0.951177      0.0976400      0.0131141        2.17186       0.122819
U               2655.81213818816        144.456        146.771       0.848258      0.0928683      0.0129241        2.01796       0.117627
U               2659.02384482371        78.5208        79.7790       0.824478       0.123699      0.0122316        2.07569       0.161789
U               2659.09135301504        83.4507        84.7880       0.738998       0.116813      0.0131464        1.90779       0.150517
U               2661.16588441376        131.664        133.774       0.885498      0.0974674      0.0118083        2.03232       0.123643
U               2663.04712198954        82.4517        83.7730       0.902321       0.128025      0.0145913        2.14848       0.160602
U               2663.11825646926        42.1108        42.7857        1.18858       0.217119      0.0249714        3.46427       0.284461
U               2663.18121130671        81.4744        82.7800       0.865877       0.127375      0.0148427        2.14240       0.161336
U               2665.99643179402        32.2618        32.7788        1.35880       0.263234      0.0269008        4.05916       0.351288
U               2667.05630478496        136.594        138.783       0.920893      0.0970161      0.0119020        1.94081       0.118652
U               2670.05861877743        47.0191        47.7725        1.01167       0.169062      0.0106523        2.01687       0.206122
U               2674.07452400634        22.4236        22.7830       0.625545       0.204108      0.0102145        1.60956       0.266897
U               2674.14133222820        27.3427        27.7809        1.22638       0.238812      0.0104874        2.25141       0.285420
U               2674.20855354937        22.4236        22.7830        1.08922       0.251354      0.0102290        2.34175       0.321367
U               2674.27535845712        27.3427        27.7809       0.567717       0.179900      0.0106704        1.26117       0.214126
U               2674.34230778785        25.3773        25.7839        1.11155       0.237566      0.0102592        2.05230       0.282998
U               2674.40897082724        25.3664        25.7729       0.732651       0.202105     0.00985581        1.85068       0.268924
U               2678.29363412410        45.0645        45.7866        1.08522       0.177149      0.0106013        1.97860       0.208556
U               2678.36043807818        48.9954        49.7806       0.937512       0.161699      0.0109615        2.17945       0.209821
U               2682.05519272573        34.2381        34.7868       0.829451       0.185070      0.0111399        1.89899       0.234450
U               2682.12255272176        34.2273        34.7758        1.07487       0.205742      0.0119373        2.21917       0.253292
U               2686.68705714773        29.1657        29.7834        1.04814       0.278927      0.0391443        4.47330       0.388485
U               2686.75439500436        29.1657        29.7834       0.598696       0.245155      0.0377935        3.71980       0.354745
U               2686.82106581377        29.1575        29.7750       0.817568       0.258331      0.0368694        3.92033       0.364099
U               2686.88786921836        34.0541        34.7753        1.21764       0.265504      0.0381779        4.24778       0.350487
U               2686.95478419540        19.3644        19.7745       0.583243       0.302151      0.0388694        3.62480       0.429840
U               2690.43926993432        27.1940        27.7699       0.853860       0.267777      0.0359862        3.41577       0.352241
U               2690.57364763925        24.2692        24.7831       0.321155       0.247261      0.0383051        3.71926       0.388860
U               2690.64031203836        24.2610        24.7748       0.696637       0.279937      0.0393837        3.89038       0.397649
U               2690.70766722737        24.2692        24.7832       0.872470       0.309588      0.0462381        5.19993       0.458555
U               2690.77433905425        24.2692        24.7832       0.880214       0.297080      0.0408856        4.16491       0.411165
U               2690.84170545870        24.2692        24.7831        1.12855       0.313031      0.0399616        4.50582       0.427396
U               2694.05792789068        9.57953        9.78240       0.511956       0.435604      0.0429001        3.84136       0.628878
U               2694.12461098796        9.57951        9.78238        1.27218       0.532837      0.0461961        4.81240       0.702647
U               2694.19126587501        9.57130        9.77400     -0.0511767       0.340784      0.0393385        2.39872       0.498466
U               2694.25863709068        9.57951        9.78238       0.637439       0.456850      0.0449447        3.77250       0.623295
U               2694.32528906735        9.57128        9.77398       0.543651       0.423364      0.0385819        3.76423       0.622888
U               2694.39267048240        9.57951        9.78238        1.20631       0.496627      0.0370491        4.32234       0.666506
U               2694.92806995986        9.57128        9.77398       0.673338       0.447411      0.0405147        3.94186       0.637209
U               2694.99487973843        14.4761        14.7827        1.03279       0.398285      0.0407626        4.34925       0.543846
U               2697.46857508551        45.0536        45.7756       0.815049       0.186867      0.0245836        2.76892       0.246281
U               2697.53524113074        45.0536        45.7756       0.664079       0.178061      0.0248312        2.83299       0.249075
U               2697.60246488638        40.1345        40.7777       0.627854       0.190590      0.0271875        2.76364       0.260692
U               2697.66897686524        35.2154        35.7798       0.919468       0.214837      0.0229152        2.68290       0.274262
U               2701.00401328970        88.3589        89.7749       0.998574       0.121400     0.00976760        1.88830       0.145534
U               2701.06834020372        71.6362        72.7842       0.805830       0.124060     0.00968534        1.67844       0.152461
U               2705.01509601111        82.4517        83.7730       0.770016       0.113614     0.00971980        1.60375       0.138937
U               2705.08243872598        82.4517        83.7730        1.06655       0.128862     0.00967164        1.92484       0.152095
U               2713.59470037278        91.3126        92.7758       0.922786       0.115969     0.00995241        1.74247       0.137570
U               2713.66152692912        96.2425        97.7848       0.844454       0.109568      0.0101435        1.79261       0.135898
U               2719.07990392391        87.3817        88.7819       0.780907       0.110998     0.00968733        1.63447       0.136237
U               2719.14487128891        77.5326        78.7751        1.07867       0.133579     0.00975002        1.95284       0.157972
U               2719.21255525341        87.3382        88.7378       0.784554       0.111464     0.00981920        1.70741       0.139255
U               2723.28387589008        51.9490        52.7815        1.06122       0.162330     0.00990237        1.88527       0.189652
U               2723.35109606432        47.0299        47.7836       0.988293       0.165450     0.00947986        2.09879       0.210201
U               2723.41775846202        47.0191        47.7725        1.12138       0.174048     0.00966377        1.98180       0.204339
U               2723.48511131015        47.0299        47.7836       0.843521       0.156222     0.00994310        1.69767       0.189231
U               2723.55178424064        47.0299        47.7836       0.905290       0.160718      0.0100503        1.82228       0.195995
U               2727.17475970183        25.3664        25.7729       0.996598       0.226803      0.0100016        1.85600       0.269307
U               2727.31071847863        153.306        155.763       0.914694      0.0892192     0.00985093        1.87328       0.110051
U               2727.37894917186        182.842        185.772       0.804519      0.0777187     0.00977460        1.75168      0.0974732
U               2727.45127628511        100.173        101.779        1.05540       0.116904     0.00997244        2.13085       0.145112
U               2727.52176023740        159.235        161.787       0.763722      0.0821038      0.0101915        1.68638       0.102500
U               2727.58426083624        80.4862        81.7760        1.03156       0.129266      0.0100299        2.02485       0.157852
U               2727.64450204838        50.9609        51.7775       0.914730       0.154916      0.0100206        1.84949       0.189672
U               2727.71017001336        25.3773        25.7839       0.570845       0.185406      0.0100233        1.51109       0.243147
U               2727.77734778915        35.2046        35.7687        1.01306       0.193533     0.00984276        1.85827       0.228739
U               2727.84419540502        25.3664        25.7729        1.34147       0.256395      0.0102658        2.17616       0.291388
U               2727.91871249536        173.015        175.787       0.982657      0.0863096     0.00982568        1.96743       0.106140
U               2731.00617948081        94.2662        95.7768       0.760755       0.111809      0.0137391        1.98146       0.144302
U               2731.07288062712        133.641        135.782       0.984221       0.101903      0.0129811        2.17154       0.126817
U               2731.47008398268        94.2662        95.7768       0.736110       0.105275      0.0101576        1.70035       0.133764
U               2731.54043397587        163.166        165.781       0.896285      0.0870928      0.0110915        1.87242       0.106649
U               2731.60776479309        163.166        165.781        1.08823      0.0941682      0.0114087        2.14161       0.113985
U               2735.41637853859        17.5046        17.7851       0.762710       0.249952      0.0107402        1.91021       0.328849
U               2735.48406026000        51.9490        52.7815       0.817344       0.147555      0.0102850        1.71501       0.180959
U               2735.55244047847        86.3935        87.7779       0.731273       0.110156      0.0103787        1.79763       0.143635
U               2735.61909386702        86.3934        87.7779       0.939782       0.120887      0.0104533        1.89686       0.147511
U               2735.68646222493        86.3935        87.7779       0.796320       0.113752      0.0104953        1.83197       0.144988
U               2740.36641020468        40.1345        40.7777       0.993744       0.181778      0.0106522        2.09204       0.227180
U               2740.43468687031        69.6490        70.7651       0.914945       0.133490      0.0106360        1.83232       0.161494
U               2740.50147702871        74.5790        75.7741       0.909565       0.129173      0.0108557        1.87669       0.157927
U               2740.56887214631        74.5898        75.7851       0.731903       0.119447      0.0110789        1.49903       0.141261
U               2740.63548621302        74.5899        75.7851       0.789396       0.122832      0.0110126        1.76830       0.153326
U               2740.70219330443        74.5790        75.7741       0.767805       0.121871      0.0111423        1.77224       0.153507
U               2740.76950982213        74.5790        75.7741       0.906127       0.129154      0.0109186        1.91957       0.159704
U               2749.42141844006        46.0418        46.7796       0.702374       0.148907      0.0104940        1.68395       0.190483
U               2749.48820828972        50.9609        51.7775       0.793131       0.148099      0.0106844        1.66813       0.180211
U               2749.55542489979        46.0418        46.7796        1.07769       0.174948      0.0106246        2.02831       0.208882
U               2749.62223594682        50.9609        51.7775       0.765145       0.147124      0.0111723        1.63165       0.178245
U               2749.68890250428        50.9609        51.7775       0.795180       0.149909      0.0115985        1.68255       0.180982
U               2749.75612306874        46.0418        46.7796       0.891706       0.162895      0.0107751        1.76873       0.195179
U               2749.82293436863        50.9609        51.7775       0.781012       0.147725      0.0108353        1.82021       0.188178
U               2749.88959830953        50.9717        51.7885       0.692555       0.141129      0.0107062        1.55179       0.173842
U               2749.95971342502        26.3654        26.7879       0.821472       0.216191      0.0133812        2.03146       0.276245
U               2760.38349334057        60.7990        61.7733       0.712411       0.131211      0.0109281        1.83209       0.172838
U               2760.45038970234        60.8099        61.7844       0.890656       0.141639      0.0107397        1.76793       0.169795
U               2760.51881432673        85.3619        86.7298       0.707355       0.110492      0.0110103        1.71471       0.141156
U               2760.58573628869        85.4054        86.7740       0.885430       0.118833      0.0104635        1.80264       0.144663
U               2760.85312723555        110.012        111.775       0.672449      0.0957468      0.0111245        1.67494       0.122901
U               2760.92112183105        60.7990        61.7733       0.796625       0.136048      0.0106845        1.85562       0.173935
U               2760.98947250424        95.2543        96.7808       0.857087       0.111353      0.0105426        1.84835       0.138690
U               2763.06893106410        111.000        112.779       0.993911       0.109488      0.0108026        1.99547       0.133446
U               2763.13559888676        111.000        112.779       0.824052       0.101523      0.0105759        1.64805       0.121375
U               2763.20295907743        111.000        112.779       0.840358       0.102442      0.0106304        1.75941       0.125375
U               2763.26962217595        111.000        112.779       0.891163       0.104793      0.0106764        1.81721       0.127400
U               2763.33654315583        96.2425        97.7848       0.939436       0.115107      0.0109732        1.85239       0.138126
U               2763.40350212529        106.081        107.781       0.765163       0.101242      0.0106188        1.71945       0.126796
U               2763.47031411622        110.989        112.767       0.886408       0.104949      0.0108658        1.93579       0.131460
U               2763.53694816167        86.3935        87.7779       0.824728       0.115383      0.0106323        1.77313       0.142661
U               2765.00270823110        23.4118        23.7870       0.693789       0.209338      0.0110896        1.53136       0.254827
U               2765.07029393828        11.5973        11.7832       0.731665       0.307832      0.0121274        1.83658       0.396219
U               2765.13709808700        16.5164        16.7811        1.09900       0.295704      0.0109428        2.15790       0.359611
U               2765.20431354735        11.5973        11.7832       0.901583       0.327073      0.0109919        1.93381       0.406476
U               2765.27112031914        16.5055        16.7700       0.680193       0.249730      0.0115445        1.71431       0.320970
U               2765.33780239755        16.5164        16.7811        1.12837       0.297587      0.0102975        2.50153       0.386869
U               2765.40499653621        11.5973        11.7832        1.20762       0.368606      0.0117678        2.11446       0.424856
U               2765.47238042997        11.5864        11.7721       0.662037       0.294916      0.0114566        1.59199       0.369281
U               2765.53902560007        11.5973        11.7831       0.767073       0.309556      0.0113092        1.71683       0.383194
U               2765.60640585050        11.5973        11.7831       0.611975       0.284008      0.0105715        1.88827       0.401707
U               2765.67306583328        11.5865        11.7721       0.933510       0.331838      0.0113247        1.64049       0.374820
U               2765.73973660730        11.5864        11.7721       0.813328       0.314366      0.0108086        1.86286       0.399206
U               2765.80709508574        11.5973        11.7832        1.31076       0.377305      0.0108392        2.07280       0.420691
U               2765.87376623834        11.5973        11.7832        1.10350       0.353756      0.0110578        2.15641       0.429006
U               2765.94111916004        11.5973        11.7832        1.34091       0.385277      0.0118586        2.43501       0.455574
U               2766.01458456833        106.081        107.781       0.830109       0.104215      0.0104794        1.81388       0.130202
U               2766.08125911187        106.070        107.770       0.999699       0.111659      0.0104152        1.91154       0.133637
U               2768.03272951348        14.5401        14.7731        1.03687       0.309478      0.0114470        2.09352       0.377570
U               2768.09953799052        19.4592        19.7710       0.785546       0.240413      0.0109738        2.08859       0.325996
U               2768.16676058620        14.5401        14.7731       0.829238       0.286880      0.0119392        1.95346       0.364843
U               2768.23358745407        19.4592        19.7710       0.728821       0.232555      0.0105309        1.86870       0.308519
U               2768.43412404740        14.5509        14.7841       0.934308       0.294268      0.0105867        1.83313       0.353397
U               2768.50149195874        14.5401        14.7731       0.740598       0.273871      0.0113587        2.06877       0.375353
U               2768.56816328969        14.5509        14.7841       0.879762       0.290998      0.0113715        2.01662       0.370501
U               2768.63551319670        14.5401        14.7731        1.55339       0.363705      0.0109911        2.88201       0.442167
U               2768.70216607582        14.5401        14.7731       0.862883       0.284598      0.0104725        1.45496       0.315244
U               2768.76882572239        14.5401        14.7731       0.687671       0.263555      0.0105111        1.82213       0.352477
U               2769.90697495546        14.5509        14.7841       0.678424       0.262944      0.0108350        1.65790       0.336223
U               2770.04103009496        14.5509        14.7841       0.538751       0.239930     0.00997995        1.40939       0.310185
U               2770.10765482998        14.5401        14.7731       0.619411       0.256669      0.0111274        1.75304       0.345786
U               2770.17506470485        14.5401        14.7731        1.17899       0.321939      0.0106198        1.93149       0.362805
U               2770.70906532696        110.022        111.786       0.738821      0.0984937      0.0107376        1.86239       0.129532
U               2770.76671112375        105.103        106.788       0.769517       0.102198      0.0107038        1.82916       0.131351
U               2770.90075082891        105.093        106.777       0.800417       0.103660      0.0107806        1.74206       0.128219
U               2770.96684294147        85.4053        86.7739        1.11741       0.129947      0.0103251        2.12678       0.157010
U               2773.04290451435        101.151        102.772       0.886577       0.109780      0.0107985        1.84850       0.134593
U               2773.11005086405        96.2425        97.7848       0.847463       0.110627      0.0107898        1.84708       0.137929
U               2773.17447043117        30.2964        30.7819        1.20549       0.226338      0.0106803        2.48632       0.284785
U               2773.24224614538        45.0645        45.7866       0.762666       0.156130      0.0109794        1.79211       0.198573
U               2773.30934858276        59.8217        60.7804       0.885441       0.142468      0.0107108        1.80951       0.173176
U               2773.37658465374        79.4981        80.7720       0.651646       0.110611      0.0106720        1.52357       0.137939
U               2773.92281705979        14.5401        14.7731       0.998704       0.303527      0.0108962        2.07278       0.375714
U               2778.00176914083        22.4128        22.7719       0.788688       0.224144      0.0109681        1.95319       0.293841
U               2778.04874223890        54.9026        55.7824       0.688134       0.136323      0.0109696        1.64087       0.172208
U               2778.11581742624        69.6599        70.7762       0.944109       0.135181      0.0106830        1.91081       0.164873
U               2778.18308683205        89.3471        90.7789       0.948629       0.119975      0.0108897        1.95789       0.147345
U               2778.25042824540        89.3471        90.7789       0.903006       0.117289      0.0106901        1.69133       0.137036
U               2778.31711572828        89.3471        90.7788       0.717781       0.108095      0.0108284        1.52468       0.130161
U               2778.38447163580        89.3579        90.7899        1.06020       0.125190      0.0109308        2.02796       0.149925
U               2778.45174658485        90.3244        91.7718       0.879595       0.116101      0.0109978        1.87802       0.143553
U               2778.51839959063        90.3244        91.7718       0.934596       0.118744      0.0109937        1.86006       0.142872
U               2780.47322422033        90.3244        91.7718       0.982710       0.120381      0.0105213        1.97928       0.147337
U               2780.54654711159        35.2154        35.7798        1.11286       0.202783      0.0105677        2.22003       0.249761
U               2780.61339626741        40.1454        40.7887       0.943695       0.178001      0.0107022        1.84332       0.213346
U               2780.68059088429        35.2263        35.7908       0.962441       0.190639      0.0102586        1.87761       0.229846
U               2780.73427980812        134.618        136.775       0.964766      0.0979163      0.0105545        1.87861       0.117607
U               2780.80093818158        134.618        136.775       0.826400      0.0924952      0.0106413        1.75211       0.113612
U               2780.86761154048        134.618        136.775       0.845073      0.0933227      0.0107103        1.70527       0.112096
U               2780.93497036817        134.629        136.786       0.943243      0.0971415      0.0106531        1.88188       0.117703
U               2780.99817105848        16.5164        16.7811        1.05737       0.289257      0.0105690        1.85567       0.333720
U               2783.54491402488        126.702        128.732       0.930934      0.0994308      0.0105190        1.80916       0.118983
U               2783.60739350412        109.034        110.782       0.934611       0.107757      0.0107489        1.83258       0.129081
U               2783.67405674141        109.034        110.782       0.789939       0.101607      0.0109949        1.78984       0.127580
U               2783.74156436324        113.953        115.779       0.916739       0.104614      0.0107183        1.85983       0.127191
U               2783.81394881243        136.594        138.783       0.964512      0.0969751      0.0103773        1.84558       0.115731
U               2783.88118200749        138.560        140.780       0.780665      0.0895428      0.0108225        1.73306       0.111379
U               2787.42604943458        109.034        110.782       0.727198      0.0983226      0.0107352        1.74138       0.125855
U               2787.49341339851        109.023        110.771       0.998274       0.110217      0.0105511        1.90195       0.131486
U               2787.56007587537        109.034        110.782       0.809292       0.102134      0.0107976        1.74687       0.126052
U               2787.62673975993        109.034        110.782        1.05977       0.112820      0.0105001        2.03124       0.135833
U               2787.70612146845        76.5553        77.7821        1.05874       0.133695     0.00983278        2.06929       0.163603
U               2787.77224811958        81.4853        82.7910       0.926050       0.123937      0.0106443        1.83178       0.149283
U               2787.84722224437        32.2619        32.7789       0.877662       0.192765      0.0105888        1.68583       0.227681
U               2787.91059731087        42.1000        42.7746       0.782045       0.161200      0.0101253        1.84359       0.208350
U               2787.98068560334        17.4937        17.7740        1.20913       0.294861     0.00991723        2.01627       0.337875
U               2820.44558617333        515.516        523.777       0.859855      0.0475917     0.00998971        1.82817      0.0592932
U               2820.51258453960        535.203        543.780       0.838506      0.0461419     0.00984446        1.72638      0.0565630
U               2820.57959363097        515.516        523.777       0.901275      0.0484214     0.00997357        1.83024      0.0593264
U               3476.50997874606        90.3136        91.7608       0.749151       0.108659      0.0103994        1.69745       0.136545
U               3476.57663802151        90.3353        91.7829       0.821250       0.112814      0.0108080        1.72024       0.137434
U               3476.64403978409        90.3244        91.7718       0.670682       0.104896      0.0106785        1.58378       0.131922
U               3476.71070557320        90.3244        91.7719       0.770149       0.109825      0.0104949        1.67532       0.135651
U               3476.77738170186        90.3353        91.7829       0.694430       0.106167      0.0106655        1.70338       0.136765
U               3525.45443447353        36.1819        36.7617       0.971345       0.188177     0.00995552        1.93029       0.229920
U               3525.51532386430        95.2435        96.7697       0.911156       0.113365      0.0100177        1.96710       0.143044
U               3525.58252078993        90.3244        91.7718       0.784363       0.110217      0.0102304        1.82715       0.141613
U               3525.64934260864        95.2543        96.7808        1.07206       0.120286     0.00978943        1.99158       0.143914
U               3525.71714915335        85.4053        86.7739       0.806075       0.114060      0.0100100        1.67864       0.139640
U               4354.12042652024        1015.96        1032.24       0.928058      0.0415217      0.0263609        3.22260      0.0558897
U               4613.19775275746        110.001        111.763       0.871409       0.103432     0.00998123        1.71077       0.124205
U               4613.26383292908        90.3244        91.7718       0.848861       0.113625      0.0102588        1.91815       0.145065
U               4729.83097970765        41.1118        41.7706       0.708051       0.237270      0.0501942        4.97473       0.343737
U               4729.89906270755        65.7290        66.7822        1.09387       0.200658      0.0477513        5.16648       0.276912
U               4729.96455074195        55.8691        56.7644       0.833768       0.207808      0.0490666        5.06409       0.297437
U               4730.03369113570        139.526        141.762       0.965473       0.131206      0.0446748        4.71685       0.181801
U               4730.09861654881        80.4319        81.7208       0.710399       0.173064      0.0531788        4.88495       0.243576
U               4730.16582548711        75.5563        76.7671       0.974615       0.181154      0.0466609        4.91882       0.252162
U               4973.00993817905        57.8454        58.7724       0.728579       0.132845     0.00963015        1.55840       0.163531
U               4973.07620560564        124.769        126.768       0.968841       0.101028     0.00981256        1.86578       0.121746
U               4973.13258656440        112.965        114.775       0.701246      0.0948881      0.0104062        1.64878       0.120341
U               4973.34214275051        99.1853        100.775       0.818930       0.106246     0.00974707        1.79847       0.134084
