UVW2            53784.4675712446       0.139832     0.00729898       0.164146     0.00917042
UVW2            53785.0485072299       0.153246     0.00788620       0.183591     0.00989708
UVW2            53785.4859212553       0.171276      0.0109131       0.197310      0.0133726
UVW2            53788.4117803182       0.164377     0.00578699       0.188126     0.00706922
UVW2            53788.9144376726       0.187457      0.0183328       0.238602      0.0229962
UVW2            53789.5158353532       0.147623     0.00748689       0.176275     0.00937210
UVW2            53790.5216205665       0.186962     0.00746211       0.209333     0.00902884
UVW2            53791.5256680432       0.179260     0.00577154       0.208398     0.00704966
UVW2            53792.7615469941       0.179596     0.00860451       0.217806      0.0107306
UVW2            53793.5384006756       0.167163      0.0130508       0.199243      0.0161691
UVW2            53794.3412909294       0.183383     0.00700934       0.209872     0.00849637
UVW2            53796.2811419889       0.160267     0.00713040       0.190288     0.00894537
UVW2            53797.2119105021       0.175730     0.00936452       0.211495      0.0118274
UVW2            53802.5109033543       0.179283     0.00710416       0.203804     0.00874845
UVW2            53803.4230402643       0.175225     0.00741625       0.198115     0.00912783
UVW2            53806.5209222427       0.172582     0.00624213       0.195375     0.00785108
UVW2            53808.5394005897       0.180575     0.00881300       0.213376      0.0110240
UVW2            53941.4926836691       0.164836      0.0116058       0.196552      0.0146654
UVW2            54508.1135722673       0.149470      0.0117827       0.180857      0.0150851
UVW2            55621.8199506267       0.145397      0.0113809       0.165855      0.0141755
UVW2            56277.7218878716       0.138651      0.0111431       0.180892      0.0139306
UVW2            57462.7658921503       0.155336      0.0176329       0.190524      0.0229137
UVW2            57646.5910327635       0.158330      0.0153800       0.208399      0.0191747
