U               54021.6781219202       0.586902      0.0825177        1.79108       0.110497
U               54021.7454149439       0.567711      0.0820749        1.59940       0.105541
U               54021.8121381882       0.609112      0.0830863        1.72958       0.108974
U               54025.0238448237       0.496678       0.104742        1.44670       0.135272
U               54025.0913530150       0.503468       0.103595        1.61780       0.138702
U               54027.1658844138       0.672316      0.0884440        1.72965       0.114147
U               54029.0471219895       0.696120       0.117447        1.92206       0.151986
U               54029.1182564693       0.677353       0.185403        2.88990       0.260170
U               54029.1812113067       0.655546       0.116256        1.85054       0.150049
U               54031.9964317940       0.227264       0.178988        2.25173       0.262779
U               54033.0563047850       0.473434      0.0778943        1.48314       0.103836
U               54036.0586187774       0.514206       0.132939        1.29097       0.165194
U               54040.0745240063       0.458528       0.184115        1.24923       0.235334
U               54040.1413322282       0.400824       0.161191        1.17468       0.206696
U               54040.2085535494       0.401264       0.177152        1.31301       0.241230
U               54040.2753584571       0.445870       0.167012        1.29268       0.216768
U               54040.3423077879       0.608031       0.190019        1.47947       0.240608
U               54040.4089708272       0.694731       0.197682        1.48075       0.240762
U               54044.2936341241       0.591213       0.142002        1.40676       0.176094
U               54044.3604380782       0.559783       0.134561        1.41293       0.169251
U               54048.0551927257       0.553048       0.160865        1.53929       0.211262
U               54048.1225527218       0.853901       0.188931        1.96786       0.238662
U               54052.6870571477       0.539144       0.243368        3.54280       0.346313
U               54052.7543950044       0.681522       0.250445        3.67383       0.352575
U               54052.8210658138       0.333262       0.222286        3.11916       0.325244
U               54052.8878692184       0.509205       0.220959        3.46906       0.317184
U               54052.9547841954       0.739039       0.316209        3.99634       0.451027
U               54056.4392699343       0.486090       0.240335        3.43927       0.353435
U               54056.5736476392       0.953546       0.296824        4.38033       0.421499
U               54056.6403120384       0.451846       0.260646        3.85224       0.395722
U               54056.7076672274       0.504258       0.280648        3.73439       0.389639
U               54056.7743390542      0.0780001       0.231609        3.18074       0.359959
U               54056.8417054587       0.394286       0.256690        3.25664       0.364178
U               54060.0579278907      -0.198788       0.334090        2.95173       0.552158
U               54060.1246109880       0.733634       0.470197        3.22239       0.576635
U               54060.1912658750       0.604497       0.434605        3.89419       0.633399
U               54060.2586370907       0.614923       0.455198        3.75337       0.621734
U               54060.3252890673       0.912196       0.465892        3.14375       0.569882
U               54060.3926704824       0.572639       0.419930        3.09847       0.565567
U               54060.9280699599        1.09136       0.495081        4.23833       0.660381
U               54060.9948797384      0.0675962       0.299274        3.68460       0.501175
U               54063.4685750855       0.437390       0.161821        2.36310       0.227740
U               54063.5352411307       0.448406       0.162906        2.23122       0.221363
U               54063.6024648864       0.396048       0.174892        2.98672       0.270864
U               54063.6689768652       0.614721       0.193362        2.63820       0.271996
U               54067.0040132897       0.514457      0.0954810        1.34643       0.123050
U               54067.0683402037       0.413147      0.0987741        1.20952       0.129568
U               54071.0150960111       0.477880      0.0963975        1.21982       0.121282
U               54071.0824387260       0.571349       0.102151        1.33272       0.126736
U               54079.5947003728       0.569333      0.0975773        1.53244       0.129077
U               54079.6615269291       0.528903      0.0928829        1.32499       0.116966
U               54085.0799039239       0.625587       0.102505        1.52866       0.131787
U               54085.1448712889       0.314431      0.0881334        1.16732       0.122364
U               54085.2125552534       0.505119      0.0955164        1.32129       0.122614
U               54089.2838758901       0.447917       0.119654        1.42303       0.164951
U               54089.3510960643       0.417630       0.121767        1.11826       0.153793
U               54089.4177584620       0.410905       0.121766        1.17250       0.157476
U               54089.4851113101       0.392356       0.120859        1.20198       0.159414
U               54089.5517842406       0.668151       0.143649        1.56577       0.181788
U               54093.1747597018       0.180777       0.136610        1.01570       0.199623
U               54093.3107184786       0.461017      0.0701388        1.27192      0.0908119
U               54093.3789491719       0.463773      0.0642842        1.36291      0.0860585
U               54093.4512762851       0.447074      0.0861752        1.34067       0.115320
U               54093.5217602374       0.516982      0.0718348        1.36004      0.0921209
U               54093.5842608362       0.632148       0.107791        1.53804       0.137734
U               54093.6445020484       0.554625       0.129350        1.30627       0.159608
U               54093.7101700134       0.516527       0.179146        1.26933       0.222977
U               54093.7773477891       0.236746       0.122358        1.23363       0.186649
U               54093.8441954050       0.554734       0.184411        1.45226       0.238451
U               54093.9187124954       0.676554      0.0749870        1.48559      0.0923377
U               54097.0061794808       0.446015      0.0951053        1.49601       0.125531
U               54097.0728806271       0.550243      0.0837791        1.59668       0.108892
U               54097.4700839827       0.489630      0.0917442        1.39064       0.121060
U               54097.5404339759       0.397019      0.0667258        1.39510      0.0921623
U               54097.6077647931       0.597298      0.0758137        1.54346      0.0969046
U               54101.4163785386       0.985456       0.274764        2.09607       0.344324
U               54101.4840602600       0.600631       0.132209        1.37688       0.162272
U               54101.5524404785       0.467143      0.0947212        1.27020       0.120890
U               54101.6190938670       0.709075       0.109030        1.65634       0.137921
U               54101.6864622249       0.363855      0.0883536        1.23914       0.119411
U               54106.3664102047       0.624521       0.153457        1.54441       0.195449
U               54106.4346868703       0.580774       0.113772        1.58045       0.150074
U               54106.5014770287       0.342071      0.0943376        1.30713       0.131980
U               54106.5688721463       0.669570       0.116068        1.68681       0.149781
U               54106.6354862130       0.452073       0.102299        1.38417       0.135779
U               54106.7021933044       0.530491       0.107384        1.32183       0.132715
U               54106.7695098221       0.422562       0.100133        1.38489       0.135824
U               54115.4214184401       0.656011       0.145128        1.49651       0.179649
U               54115.4882082897       0.662895       0.138947        1.50630       0.171312
U               54115.5554248998       0.683290       0.147776        1.67302       0.189869
U               54115.6222359468       0.579751       0.133819        1.32968       0.161023
U               54115.6889025043       0.759816       0.147979        1.90268       0.192355
U               54115.7561230687       0.339415       0.119392        1.12437       0.155856
U               54115.8229343686       0.581988       0.133508        1.53291       0.172807
U               54115.8895983095       0.350011       0.114266        1.26605       0.157130
U               54115.9597134250       0.619919       0.196983        1.71183       0.253777
U               54126.3834933406       0.460509       0.113755        1.47376       0.155149
U               54126.4503897023       0.480999       0.114702        1.43803       0.153256
U               54126.5188143267       0.489678      0.0979756        1.53664       0.133682
U               54126.5857362887       0.611497       0.104126        1.49728       0.131938
U               54126.8531272355       0.528354      0.0884654        1.44755       0.114317
U               54126.9211218311       0.679435       0.128426        1.62123       0.162669
U               54126.9894725042       0.527199      0.0940166        1.39400       0.120575
U               54129.0689310641       0.714355      0.0969391        1.68160       0.122594
U               54129.1355988868       0.431538      0.0819356        1.29464       0.107667
U               54129.2029590774       0.586316      0.0902906        1.44741       0.113801
U               54129.2696221760       0.605178      0.0914135        1.59752       0.119514
U               54129.3365431558       0.564854      0.0962344        1.44628       0.122167
U               54129.4035021253       0.464005      0.0857239        1.34178       0.112110
U               54129.4703141162       0.422661      0.0819126        1.29698       0.107769
U               54129.5369481617       0.644701       0.105654        1.56874       0.134252
U               54131.0027082311       0.422011       0.178744        1.15321       0.221336
U               54131.0702939383       0.501316       0.272376        1.38256       0.344145
U               54131.1370980870        1.14770       0.300152        1.98807       0.345311
U               54131.2043135474       0.832283       0.317628        1.89259       0.402161
U               54131.2711203191        1.31534       0.319437        2.36984       0.376790
U               54131.3378023976       0.228166       0.179085       0.925344       0.236180
U               54131.4049965362       0.254454       0.227558        1.17288       0.317134
U               54131.4723804300       0.435549       0.258747        1.46545       0.354408
U               54131.5390256001       0.216728       0.217324       0.998733       0.292766
U               54131.6064058505       0.617712       0.284041        1.55840       0.365223
U               54131.6730658333       0.609794       0.286066        1.39501       0.345843
U               54131.7397366073        1.04006       0.343824        1.68224       0.379522
U               54131.8070950857       0.641194       0.288835        1.53371       0.362339
U               54131.8737662383       0.774754       0.309480        1.79946       0.392229
U               54131.9411191600       0.697713       0.302006        1.77382       0.389448
U               54132.0145845683       0.586450      0.0921532        1.50480       0.118679
U               54132.0812591119       0.567797      0.0910777        1.44664       0.116385
U               54134.0327295135       0.584256       0.252449        1.46672       0.316506
U               54134.0995379905       0.761235       0.236761        1.51071       0.277635
U               54134.1667605862       0.212735       0.197204        1.29829       0.297899
U               54134.2335874541       0.808459       0.240810        1.64556       0.289668
U               54134.4341240474       0.264789       0.198776        1.19704       0.286008
U               54134.5014919587       0.498413       0.239955        1.55962       0.326304
U               54134.5681632897       0.512721       0.242310        1.63287       0.333696
U               54134.6355131967       0.645668       0.259442        1.68189       0.338754
U               54134.7021660758       0.754468       0.272986        2.22175       0.388843
U               54134.7688257224       0.523807       0.239293        1.13285       0.278381
U               54135.9069749555       0.626461       0.255793        1.54626       0.324792
U               54136.0410300950       0.727757       0.265428        1.28894       0.296719
U               54136.1076548300       0.611079       0.255437        1.70569       0.341123
U               54136.1750647048       0.626691       0.255088        1.60344       0.330822
U               54136.7090653270       0.545179      0.0887221        1.40678       0.112700
U               54136.7667111238       0.558015      0.0914588        1.46284       0.117567
U               54136.9007508289       0.528655      0.0900541        1.54112       0.120655
U               54136.9668429415       0.565328       0.101147        1.34458       0.125074
U               54139.0429045144       0.547785      0.0927651        1.45404       0.119484
U               54139.1100508641       0.643729       0.100286        1.57730       0.127541
U               54139.1744704312       0.512794       0.165751        1.41926       0.215713
U               54139.2422461454       0.531002       0.138233        1.64973       0.190586
U               54139.3093485828       0.475297       0.115222        1.36301       0.150459
U               54139.3765846537       0.593926       0.107183        1.39474       0.132018
U               54139.9228170598       0.779466       0.276762        1.83964       0.354151
U               54144.0017691408       0.807290       0.225465        1.65258       0.270478
U               54144.0487422389       0.578227       0.128695        1.64641       0.172496
U               54144.1158174262       0.601367       0.114971        1.39797       0.141195
U               54144.1830868321       0.610866       0.102454        1.58406       0.132652
U               54144.2504282454       0.721817       0.108067        1.60926       0.133695
U               54144.3171157283       0.586222       0.101064        1.60220       0.133404
U               54144.3844716358       0.567416       0.100008        1.50463       0.129300
U               54144.4517465848       0.455573      0.0930566        1.47262       0.127241
U               54144.5183995906       0.611486       0.102130        1.53427       0.129858
U               54146.4732242203       0.401108      0.0888363        1.32396       0.120691
U               54146.5465471116       0.670190       0.167484        1.53783       0.208212
U               54146.6133962674       0.766182       0.164836        1.65679       0.202354
U               54146.6805908843       0.486330       0.149724        1.27538       0.189704
U               54146.7342798081       0.489770      0.0772688        1.31405      0.0984926
U               54146.8009381816       0.483941      0.0770612        1.35703       0.100080
U               54146.8676115405       0.624646      0.0838464        1.49896       0.105148
U               54146.9349703682       0.550086      0.0803137        1.39695       0.101528
U               54146.9981710585       0.563939       0.230942        1.43000       0.293251
U               54149.5449140249       0.424240      0.0762572        1.27311      0.0999385
U               54149.6073935041       0.661092      0.0950727        1.59367       0.120442
U               54149.6740567414       0.561361      0.0902743        1.40920       0.113307
U               54149.7415643632       0.550158      0.0874624        1.57120       0.116986
U               54149.8139488124       0.604629      0.0819709        1.53241       0.105535
U               54149.8811820075       0.571793      0.0803655        1.48672       0.103221
U               54153.4260494346       0.518783      0.0877670        1.42677       0.114006
U               54153.4934133985       0.488575      0.0857236        1.35925       0.111299
U               54153.5600758754       0.627597      0.0934337        1.58326       0.120051
U               54153.6267397599       0.576552      0.0903925        1.55536       0.118996
U               54153.7061214685       0.527700       0.103401        1.24366       0.127082
U               54153.7722481196       0.538423       0.102559        1.45559       0.133194
U               54153.8472222444       0.504629       0.159404        1.32109       0.201727
U               54153.9105973109       0.489735       0.137240        1.39169       0.181217
U               54153.9806856033       0.539918       0.218532        1.37829       0.279777
U               54186.4455861733       0.546149      0.0405109        1.45503      0.0529442
U               54186.5125845396       0.613396      0.0411919        1.46113      0.0520693
U               54186.5795936310       0.518278      0.0398014        1.37147      0.0514118
U               54842.5099787461       0.379867      0.0872250        1.22928       0.116328
U               54842.5766380215       0.552156      0.0984554        1.49122       0.128029
U               54842.6440397841       0.453594      0.0924359        1.41578       0.124779
U               54842.7107055732       0.466008      0.0928664        1.36698       0.122623
U               54842.7773817019       0.304000      0.0826569        1.14131       0.112099
U               54891.4544344735       0.679332       0.164296        1.42646       0.197887
U               54891.5153238643       0.324702      0.0807991        1.29026       0.116037
U               54891.5825207899       0.458352      0.0918171        1.29323       0.119291
U               54891.6493426086       0.679748       0.101212        1.55947       0.127480
U               54891.7171491534       0.442512      0.0929225        1.19461       0.117935
U               55720.1204265202       0.532029      0.0362732        2.65414      0.0507906
U               55979.1977527575       0.715593      0.0961763        1.58598       0.119624
U               55979.2638329291       0.487845      0.0936820        1.41281       0.124648
U               56095.8309797077       0.580751       0.229605        4.51987       0.328008
U               56095.8990627076       0.535150       0.176343        4.55759       0.260468
U               56095.9645507419       0.272692       0.179230        4.17115       0.270529
U               56096.0336911357       0.502785       0.116803        4.15731       0.170909
U               56096.0986165488       0.613916       0.169446        5.00556       0.246493
U               56096.1658254871       0.587266       0.165042        4.49818       0.241385
U               56339.0099381790       0.511150       0.117410        1.28522       0.148605
U               56339.0762056056       0.487050      0.0789764        1.19450      0.0975691
U               56339.1325865644       0.378519      0.0779384        1.30738       0.107247
U               56339.3421427505       0.533385      0.0911886        1.40257       0.118521
