       54021.7464457044        15.4074      0.0393317
       54021.7464457044                              
       54025.0586247001        15.4396      0.0417953
       54025.0586247001                              
       54027.1674931259        15.4254      0.0427153
       54027.1674931259                              
       54030.5223611002        15.4668      0.0405895
       54030.5223611002                              
       54033.0579711515        15.4049      0.0424413
       54033.0579711515                              
       54036.0592247576        15.4311      0.0510620
       54036.0592247576                              
       54040.2420915889        15.4280      0.0420766
       54040.2420915889                              
       54044.3276570221        15.4153      0.0446539
       54044.3276570221                              
       54048.0893337377        15.3551      0.0466679
       54048.0893337377                              
       54052.8212420580        15.4321      0.0425562
       54052.8212420580                              
       54056.6408351307        15.4000      0.0422580
       54056.6408351307                              
       54060.5266201115        15.3940      0.0459062
       54060.5266201115                              
       54063.5692747554        15.4171      0.0419140
       54063.5692747554                              
       54067.0371243139        15.4001      0.0416856
       54067.0371243139                              
       54071.0497930218        15.4154      0.0416062
       54071.0497930218                              
       54079.6292878141        15.4258      0.0411518
       54079.6292878141                              
       54085.1473132796        15.4039      0.0401191
       54085.1473132796                              
       54089.4184511459        15.3965      0.0402338
       54089.4184511459                              
       54093.5482576263        15.3987      0.0382132
       54093.5482576263                              
       54097.3086142095        15.3885      0.0386352
       54097.3086142095                              
       54101.5522908844        15.4158      0.0395140
       54101.5522908844                              
       54106.5687928457        15.4055      0.0387915
       54106.5687928457                              
       54115.6909889253        99.0000        99.0000
       54115.6909889253                              
       54126.6875663260        15.3824      0.0385478
       54126.6875663260                              
       54129.3040883645        15.4076      0.0381382
       54129.3040883645                              
       54131.4721443781        15.4089      0.0408572
       54131.4721443781                              
       54132.0492329892        15.4026      0.0406568
       54132.0492329892                              
       54134.4010054273        15.3774      0.0417884
       54134.4010054273                              
       54136.4377698420        15.3735      0.0388220
       54136.4377698420                              
       54139.4833461589        15.3999      0.0389874
       54139.4833461589                              
       54144.2610093303        15.3821      0.0383057
       54144.2610093303                              
       54146.7361682944        15.3758      0.0381975
       54146.7361682944                              
       54149.7147018689        15.3559      0.0382068
       54149.7147018689                              
       54153.7039056929        15.3713      0.0383276
       54153.7039056929                              
       54186.5184467995        15.4134      0.0377801
       54186.5184467995                              
       54407.7263059786        15.4574      0.0392849
       54407.7263059786                              
       54541.1628204453        15.3813      0.0399257
       54541.1628204453                              
       54842.6447967326        15.3964      0.0389132
       54842.6447967326                              
       54891.5867053814        15.4108      0.0391310
       54891.5867053814                              
       55565.8070432429        15.4093      0.0390068
       55565.8070432429                              
       55974.7869876047        15.4038      0.0391267
       55974.7869876047                              
       55979.2319671341        15.3862      0.0409380
       55979.2319671341                              
