       54021.7464457044        45.6636        1.62986
       54021.7464457044                              
       54025.0586247001        44.4841        1.66440
       54025.0586247001                              
       54027.1674931259        43.3298        1.65244
       54027.1674931259                              
       54030.5223611002        43.5664        1.59247
       54030.5223611002                              
       54033.0579711515        44.0612        1.67375
       54033.0579711515                              
       54036.0592247576        42.1494        1.87118
       54036.0592247576                              
       54040.2420915889        41.1751        1.56011
       54040.2420915889                              
       54044.3276570221        42.9587        1.70231
       54044.3276570221                              
       54048.0893337377        42.4463        1.75948
       54048.0893337377                              
       54052.8212420580        44.2398        1.67383
       54052.8212420580                              
       54056.6408351307        43.3875        1.63812
       54056.6408351307                              
       54060.5266201115        43.4683        1.75204
       54060.5266201115                              
       54063.5692747554        43.2101        1.62411
       54063.5692747554                              
       54067.0371243139        43.1877        1.61906
       54067.0371243139                              
       54071.0497930218        44.5481        1.66323
       54071.0497930218                              
       54079.6292878141        44.8613        1.65733
       54079.6292878141                              
       54085.1473132796        43.9234        1.59561
       54085.1473132796                              
       54089.4184511459        44.9960        1.63654
       54089.4184511459                              
       54093.5482576263        44.5913        1.55969
       54093.5482576263                              
       54097.3086142095        44.2474        1.56103
       54097.3086142095                              
       54101.5522908844        44.7509        1.60389
       54101.5522908844                              
       54106.5687928457        44.1975        1.56302
       54106.5687928457                              
       54115.6909889253        3.25189       0.153165
       54115.6909889253                              
       54126.6875663260        43.7933        1.54263
       54126.6875663260                              
       54129.3040883645        44.0345        1.53739
       54129.3040883645                              
       54131.4721443781        45.0635        1.65858
       54131.4721443781                              
       54132.0492329892        43.7965        1.60800
       54132.0492329892                              
       54134.4010054273        44.5753        1.67311
       54134.4010054273                              
       54136.4377698420        44.2083        1.56573
       54136.4377698420                              
       54139.4833461589        43.4611        1.54331
       54139.4833461589                              
       54144.2610093303        45.4338        1.59132
       54144.2610093303                              
       54146.7361682944        44.9631        1.57218
       54146.7361682944                              
       54149.7147018689        45.2703        1.58347
       54149.7147018689                              
       54153.7039056929        45.1625        1.58353
       54153.7039056929                              
       54186.5184467995        44.7068        1.54891
       54186.5184467995                              
       54407.7263059786        42.1837        1.50706
       54407.7263059786                              
       54541.1628204453        44.8762        1.62286
       54541.1628204453                              
       54842.6447967326        45.0838        1.59737
       54842.6447967326                              
       54891.5867053814        44.7611        1.59305
       54891.5867053814                              
       55565.8070432429        44.7225        1.58778
       55565.8070432429                              
       55974.7869876047        44.7159        1.59130
       55974.7869876047                              
       55979.2319671341        45.0041        1.65862
       55979.2319671341                              
