UVW2            54021.6842429182      0.0372307      0.0114989       0.151412      0.0163019
UVW2            54021.7514101649      0.0481132      0.0121890       0.170046      0.0172705
UVW2            54025.0272162682      0.0219264      0.0130341       0.116985      0.0192444
UVW2            54025.0949205332      0.0671803      0.0169957       0.152529      0.0213179
UVW2            54027.1714390134      0.0572310      0.0128353       0.133985      0.0159352
UVW2            54029.0506379209      0.0303647      0.0141815       0.151894      0.0214634
UVW2            54029.1201106310      0.0332861      0.0215378       0.149381      0.0298055
UVW2            54029.1846914948      0.0251484      0.0136174       0.152769      0.0216545
UVW2            54031.3226121948      0.0203195      0.0306420      0.0826013      0.0386431
UVW2            54031.3890644638      0.0594523      0.0309073       0.127541      0.0373331
UVW2            54031.9978913181      0.0307338      0.0232316       0.143502      0.0333800
UVW2            54033.0620737844      0.0601582      0.0128912       0.155768      0.0168687
UVW2            54036.0605721688      0.0291373      0.0174330      0.0986890      0.0240784
UVW2            54040.0755768172       0.148944      0.0430121       0.218372      0.0486200
UVW2            54040.1425948478      0.0563582      0.0264767       0.125406      0.0334563
UVW2            54040.2096241824      0.0447738      0.0266073       0.135211      0.0382630
UVW2            54040.2766263732      0.0527979      0.0268520       0.109744      0.0312972
UVW2            54040.3434828068      0.0902437      0.0334683       0.186423      0.0427071
UVW2            54040.4101402238     0.00537731      0.0171626      0.0714783      0.0264505
UVW2            54043.1542774728      0.0311171      0.0225326      0.0850077      0.0286657
UVW2            54043.2212877790       0.109173      0.0552292       0.135826      0.0553042
UVW2            54044.2956110789      0.0755184      0.0236162       0.164885      0.0303465
UVW2            54044.3625995512      0.0351570      0.0173050      0.0954977      0.0219245
UVW2            54048.0567395920      0.0307303      0.0217246       0.130124      0.0306352
UVW2            54048.1240988802      0.0307980      0.0219861       0.108228      0.0279428
UVW2            54052.6884124824      0.0404145      0.0281349       0.140526      0.0344616
UVW2            54052.7557267896      0.0850494      0.0341743       0.170311      0.0379376
UVW2            54052.8224029364      0.0653242      0.0317228       0.210932      0.0422158
UVW2            54052.8894162741    -0.00315533      0.0193013       0.152894      0.0332942
UVW2            54052.9557322799      0.0457893      0.0353494       0.175747      0.0471203
UVW2            54056.4405321470      0.0564159      0.0305381       0.286613      0.0506934
UVW2            54056.5747753647      0.0449165      0.0315033       0.202385      0.0452702
UVW2            54056.6414641798     0.00216437      0.0249485       0.138798      0.0374945
UVW2            54056.7088193242      0.0600623      0.0356141       0.277927      0.0530433
UVW2            54056.7754734731      0.0716694      0.0360321       0.212855      0.0464259
UVW2            54056.8428336703      0.0566006      0.0337215       0.193501      0.0442662
UVW2            54060.0584693626    -0.00474368      0.0356006      0.0872822      0.0467445
UVW2            54060.1251412923      0.0689000      0.0562154       0.285635      0.0845318
UVW2            54060.1918074447      0.0831595      0.0589243       0.227217      0.0754091
UVW2            54060.2591727329      0.0605419      0.0540588       0.250717      0.0792020
UVW2            54060.3258256712      0.0486331      0.0507891       0.255875      0.0800217
UVW2            54060.3932003924      0.0927779      0.0599646       0.200530      0.0708395
UVW2            54060.9285953087      0.0181163      0.0435725       0.160199      0.0633272
UVW2            54060.9956083181    -0.00766251      0.0292087      0.0920046      0.0393271
UVW2            54063.4705692059      0.0659133      0.0248544       0.183641      0.0317637
UVW2            54063.5372413881      0.0184329      0.0190825       0.144559      0.0281842
UVW2            54063.6042378368    -0.00771336      0.0164672       0.159611      0.0314553
UVW2            54063.6705526500      0.0685954      0.0276717       0.172020      0.0347322
UVW2            54067.0077895285      0.0484177      0.0145355       0.130225      0.0191448
UVW2            54067.0714259259      0.0570731      0.0168804       0.140032      0.0220000
UVW2            54071.0186292576      0.0626094      0.0159055       0.126761      0.0195209
UVW2            54071.0859724702      0.0485853      0.0144667       0.108408      0.0180533
UVW2            54079.5985888001      0.0308269      0.0131070       0.132707      0.0190388
UVW2            54079.6656406773      0.0543078      0.0149542       0.149177      0.0196623
UVW2            54085.0836336268      0.0530386      0.0148248       0.127186      0.0190261
UVW2            54085.1482069143      0.0576365      0.0160315       0.120218      0.0196310
UVW2            54085.2162921685      0.0327052      0.0126634      0.0949211      0.0164376
UVW2            54089.2861375371      0.0321160      0.0161710       0.108033      0.0227619
UVW2            54089.3531599031      0.0426927      0.0183923      0.0901200      0.0218466
UVW2            54089.4198159808      0.0396580      0.0180685      0.0918597      0.0220564
UVW2            54089.4871695973      0.0522562      0.0195493       0.104701      0.0235462
UVW2            54089.5538475071      0.0423661      0.0181124      0.0871340      0.0214811
UVW2            54093.1733587179       0.174959      0.0883197       0.197393      0.0881823
UVW2            54093.3032797053      0.0506119      0.0216787       0.104940      0.0261565
UVW2            54093.3701118100      0.0667874      0.0219134       0.137880      0.0274524
UVW2            54093.4463514597      0.0375917      0.0245214       0.117563      0.0342514
UVW2            54093.5140406718      0.0476523      0.0208702      0.0816897      0.0226466
UVW2            54093.5802549068      0.0648990      0.0325716       0.111924      0.0372852
UVW2            54093.6418844364       0.125365      0.0538016       0.176859      0.0588963
UVW2            54093.7087750882      0.0950308      0.0684070       0.118384      0.0683054
UVW2            54093.7754925140       0.115604      0.0636173       0.142139      0.0635174
UVW2            54093.8427983061      0.0238734      0.0395352      0.0394599      0.0394599
UVW2            54093.9103351580      0.0517824      0.0204573       0.122835      0.0266389
UVW2            54097.0015352662      0.0971010      0.0360020       0.138238      0.0382879
UVW2            54097.0663723806      0.0521993      0.0235631      0.0946567      0.0266096
UVW2            54097.4654223425      0.0659564      0.0305367       0.122768      0.0360812
UVW2            54097.5325044668      0.0538483      0.0217565       0.104267      0.0252742
UVW2            54097.5998594193      0.0543940      0.0215620       0.152035      0.0305159
UVW2            54101.4172291402     0.00603329      0.0198227      0.0687445      0.0309746
UVW2            54101.4863284207      0.0627560      0.0203037       0.117093      0.0236413
UVW2            54101.5561311622      0.0293258      0.0126865      0.0871708      0.0158417
UVW2            54101.6227899166      0.0528799      0.0152524       0.125743      0.0190248
UVW2            54101.6901523448      0.0391979      0.0138918       0.114733      0.0181758
UVW2            54106.3681837255      0.0626216      0.0234431       0.106850      0.0259000
UVW2            54106.4376794393      0.0474518      0.0157395      0.0993756      0.0188916
UVW2            54106.5046619098      0.0525682      0.0162361       0.129200      0.0208501
UVW2            54106.5720563238      0.0418871      0.0147624      0.0902708      0.0174298
UVW2            54106.6386703984      0.0205519      0.0126297      0.0847395      0.0168875
UVW2            54106.7053786400      0.0461619      0.0156375       0.104337      0.0187383
UVW2            54106.7726941905      0.0206217      0.0127739       0.106178      0.0189025
UVW2            54115.4234403963      0.0701756      0.0236800       0.169153      0.0303227
UVW2            54115.4904409461      0.0416733      0.0193516       0.160006      0.0280292
UVW2            54115.5574602727      0.0513085      0.0222699       0.186871      0.0318697
UVW2            54115.6244569230      0.0461519      0.0197104       0.166711      0.0286107
UVW2            54115.6911346586      0.0512367      0.0198033       0.136854      0.0259235
UVW2            54115.7581411977      0.0864765      0.0251959       0.177586      0.0310686
UVW2            54115.8251494034      0.0446785      0.0190743       0.132164      0.0254758
UVW2            54115.8918361459      0.0503594      0.0199761       0.132700      0.0255273
UVW2            54115.9609173052      0.0637297      0.0301685       0.141378      0.0366668
UVW2            54121.7635327168      0.0569980      0.0119572       0.123760      0.0148253
UVW2            54121.8307801615      0.0447342      0.0113545       0.120529      0.0148936
UVW2            54121.8980244100      0.0480725      0.0115524       0.121808      0.0149185
UVW2            54121.9664379233      0.0620777      0.0132858       0.126199      0.0160772
UVW2            54126.3861267697      0.0352963      0.0154956      0.0869265      0.0189527
UVW2            54126.4530105502      0.0533139      0.0172489       0.138371      0.0238611
UVW2            54126.5224526576      0.0438979      0.0137353       0.114989      0.0183500
UVW2            54126.5893675969      0.0472191      0.0140873      0.0946832      0.0166764
UVW2            54126.8577863011      0.0484453      0.0125647      0.0992430      0.0150363
UVW2            54126.9237551293      0.0410638      0.0160998       0.102550      0.0205434
UVW2            54126.9935346534      0.0260896      0.0115604       0.105679      0.0166575
UVW2            54129.0736318310      0.0313548      0.0113244      0.0951427      0.0146244
UVW2            54129.1402997747      0.0325580      0.0114572       0.101898      0.0151345
UVW2            54129.2076658420      0.0503243      0.0129729       0.110237      0.0157412
UVW2            54129.2743229363      0.0422390      0.0123751       0.113088      0.0159434
UVW2            54129.3406400513      0.0335027      0.0128884       0.119587      0.0176057
UVW2            54129.4079989623      0.0374241      0.0125847      0.0939954      0.0148689
UVW2            54129.4750264976      0.0559827      0.0135927       0.118797      0.0163412
UVW2            54129.5406507868      0.0463787      0.0143388       0.105765      0.0174738
UVW2            54131.0038255253      0.0404410      0.0251300       0.105058      0.0332034
UVW2            54131.0709109935       0.146786      0.0602473       0.170304      0.0601560
UVW2            54131.1379016307      0.0504540      0.0335989       0.104087      0.0394943
UVW2            54131.2049190486       0.104350      0.0537446       0.150692      0.0565951
UVW2            54131.2719344040      0.0518562      0.0336228       0.174010      0.0510562
UVW2            54131.3386170622      0.0393370      0.0303997      0.0794538      0.0345074
UVW2            54131.4055917556      0.0424391      0.0369189       0.106398      0.0475553
UVW2            54131.4729806180      0.0523216      0.0405015       0.113073      0.0490301
UVW2            54131.5396256060      0.0850148      0.0476702       0.170344      0.0601701
UVW2            54131.6070065605      0.0200911      0.0301576      0.0638222      0.0368350
UVW2            54131.6736713280      0.0380353      0.0361404      0.0851088      0.0425347
UVW2            54131.7403430585      0.0373730      0.0369497       0.127386      0.0520385
UVW2            54131.8077009665       0.127340      0.0563915       0.191662      0.0638209
UVW2            54131.8743717978      0.0641447      0.0426307       0.148998      0.0562706
UVW2            54131.9417250305      0.0629165      0.0426257       0.111092      0.0485989
UVW2            54132.0190931433      0.0495984      0.0132511       0.115790      0.0165021
UVW2            54132.0857562087      0.0402962      0.0124493       0.111963      0.0162275
UVW2            54134.0334515953       0.127901      0.0516565       0.261108      0.0671479
UVW2            54134.1004581917       0.129303      0.0446015       0.207417      0.0516959
UVW2            54134.1674820902      0.0792313      0.0424380       0.155726      0.0518647
UVW2            54134.2345073349     0.00728926      0.0224378      0.0903427      0.0341296
UVW2            54134.4348404491      0.0231893      0.0300324      0.0691865      0.0345803
UVW2            54134.5022148760      0.0598539      0.0387541       0.121137      0.0457553
UVW2            54134.5688852393      0.0964801      0.0458343       0.168180      0.0538973
UVW2            54134.6362341866     0.00386862      0.0245644       0.103508      0.0422897
UVW2            54134.7028877013      0.0445002      0.0346616       0.121096      0.0457401
UVW2            54134.7695469139     0.00570388      0.0245433      0.0345858      0.0244513
UVW2            54135.9077084628     0.00887374      0.0245385      0.0497226      0.0293169
UVW2            54136.0417528721      0.0763750      0.0417117       0.120116      0.0451703
UVW2            54136.1083774921      0.0678567      0.0402055       0.189603      0.0567462
UVW2            54136.1757923313      0.0999430      0.0465423       0.136109      0.0480864
UVW2            54136.7711970974      0.0372432      0.0118507       0.100030      0.0153922
UVW2            54136.9052240336      0.0660584      0.0144123       0.123092      0.0170739
UVW2            54136.9704975551      0.0314455      0.0124770      0.0970994      0.0168146
UVW2            54139.0472089662      0.0693849      0.0148768       0.136789      0.0183657
UVW2            54139.1141584865      0.0436762      0.0130958       0.117680      0.0174649
UVW2            54139.1758316918      0.0607963      0.0263923      0.0913208      0.0275985
UVW2            54139.2442109594      0.0452726      0.0196003       0.125773      0.0265067
UVW2            54139.3119286960      0.0252209      0.0140368      0.0947413      0.0199492
UVW2            54139.3799783234      0.0465906      0.0146860       0.119432      0.0194139
UVW2            54139.9235441862      0.0610876      0.0380935       0.123608      0.0458256
UVW2            54144.0511481171      0.0556493      0.0196691       0.144275      0.0254722
UVW2            54144.1188222570      0.0644459      0.0181210       0.153583      0.0233593
UVW2            54144.1869030488      0.0143767      0.0107968      0.0864183      0.0154904
UVW2            54144.2542583216      0.0466433      0.0143261       0.139526      0.0196801
UVW2            54144.3209344321      0.0614148      0.0154079       0.139872      0.0197045
UVW2            54144.3882898246      0.0587096      0.0153027       0.136053      0.0194341
UVW2            54144.4555996996      0.0506523      0.0141121       0.106014      0.0170863
UVW2            54144.5222636978      0.0406402      0.0131955       0.106444      0.0171209
UVW2            54146.4770815517      0.0685181      0.0158095       0.143136      0.0198520
UVW2            54146.7399601936      0.0390395      0.0107655       0.101900      0.0137326
UVW2            54146.8066361165      0.0577683      0.0123143       0.132632      0.0156655
UVW2            54146.8733111457      0.0343884      0.0104338      0.0992873      0.0135551
UVW2            54146.9406512589      0.0430150      0.0111678       0.114146      0.0145335
UVW2            54146.9989861618      0.0714403      0.0384692       0.134228      0.0445175
UVW2            54149.5502706426      0.0529055      0.0122594       0.118884      0.0152843
UVW2            54149.6120133712      0.0478483      0.0126270       0.110653      0.0159126
UVW2            54149.6786815324      0.0367381      0.0115976       0.104600      0.0154717
UVW2            54149.7463867511      0.0302842      0.0106545      0.0935389      0.0143120
UVW2            54149.8197192159      0.0331339      0.0101573       0.109761      0.0141617
UVW2            54149.8870211761      0.0450892      0.0111587       0.108797      0.0139991
UVW2            54153.4306791313      0.0741278      0.0149256       0.154886      0.0187819
UVW2            54153.4980437341      0.0577541      0.0138113       0.127062      0.0170128
UVW2            54153.5647063474      0.0368052      0.0119035       0.119069      0.0164691
UVW2            54153.6313715591      0.0626014      0.0142539       0.139118      0.0178012
UVW2            54153.7094099098      0.0741459      0.0180973       0.175711      0.0239578
UVW2            54153.9124688390      0.0211158      0.0168329      0.0939731      0.0234359
UVW2            54153.9815528109      0.0663139      0.0353142       0.137824      0.0435511
UVW2            54181.3587169237      0.0471892     0.00663189       0.130245     0.00904346
UVW2            54181.4253821918      0.0408546     0.00630008      0.0980602     0.00784732
UVW2            54181.4923938960      0.0487978     0.00681718       0.119684     0.00883334
UVW2            54181.6260781521      0.0568754     0.00706847       0.126174     0.00890157
UVW2            54181.6858002809      0.0419626     0.00618249       0.113411     0.00814270
UVW2            54181.7601015684      0.0423304     0.00634069       0.108629     0.00825862
UVW2            54842.5138202203      0.0312917      0.0125421       0.100952      0.0166964
UVW2            54842.5804823688      0.0427081      0.0136362       0.105571      0.0170737
UVW2            54842.6478835572      0.0362373      0.0129126       0.113583      0.0177094
UVW2            54842.7145471112      0.0286781      0.0123604      0.0933456      0.0160559
UVW2            54842.7812242620      0.0633324      0.0156797       0.140796      0.0197158
UVW2            54891.4560431857      0.0142155      0.0159348       0.100561      0.0262884
UVW2            54891.5193684385      0.0566482      0.0142580       0.128251      0.0183260
UVW2            54891.5863643703      0.0376580      0.0126867      0.0934589      0.0160647
UVW2            54891.6533873100      0.0604181      0.0145895       0.129541      0.0184176
UVW2            54891.7207927625      0.0472022      0.0139893       0.113130      0.0181750
UVW2            55681.4544024053      0.0573691      0.0115159       0.142845      0.0145910
UVW2            55979.2024066327      0.0345047      0.0116519      0.0998616      0.0150493
UVW2            55979.2676770845      0.0573444      0.0149774       0.119448      0.0181606
UVW2            56095.8328056936      0.0660388      0.0269590       0.233415      0.0375760
UVW2            56095.9018894457      0.0311877      0.0173368       0.187306      0.0266475
UVW2            56095.9669754305      0.0339238      0.0195587       0.158812      0.0266059
UVW2            56096.0395621425      0.0463623      0.0125487       0.161683      0.0170032
UVW2            56096.1020524604      0.0457080      0.0179104       0.228294      0.0265874
UVW2            56096.1690597669      0.0280689      0.0166362       0.191695      0.0251446
UVW2            56339.0124415918      0.0166348      0.0125571      0.0678786      0.0171002
UVW2            56339.0814661626      0.0351015      0.0108065      0.0981262      0.0140090
UVW2            56339.1373749659      0.0450340      0.0126673       0.125988      0.0166626
UVW2            56339.3463705038      0.0449108      0.0128489       0.114140      0.0169011
