UVW1            53784.5243642260        1.64947      0.0225463        1.80985      0.0244049
UVW1            53785.2013474815        1.66119      0.0367447        1.84054      0.0397846
UVW1            53788.5201399783        1.61013      0.0223511        1.76640      0.0241362
UVW1            53789.5240227473        1.61655      0.0348142        1.79338      0.0377680
UVW1            53790.5296070944        1.62338      0.0287071        1.79328      0.0311214
UVW1            53791.5339982649        1.67289      0.0230573        1.83524      0.0248944
UVW1            53792.7724273540        1.70884      0.0343843        1.89092      0.0372576
UVW1            53793.5397553807        1.62326      0.0528498        1.80677      0.0575089
UVW1            53794.3511836971        1.58596      0.0271235        1.73704      0.0294140
UVW1            53796.2921565627        1.62044      0.0213057        1.78276      0.0231471
UVW1            53797.2208514293        1.60857      0.0262491        1.76751      0.0285551
UVW1            53802.5170031725        1.60161      0.0275148        1.79174      0.0302721
UVW1            53803.4274035473        1.62205      0.0292247        1.78088      0.0318974
UVW1            53806.5296342042        1.59270      0.0177731        1.74663      0.0195288
UVW1            53808.5506402920        1.64165      0.0343892        1.79147      0.0376585
UVW1            53941.4971381403        1.58519      0.0356995        1.76746      0.0399637
UVW1            54508.1214853241        1.51898      0.0364913        1.73904      0.0400330
UVW1            55621.8266559998        1.34231      0.0311524        1.55759      0.0348046
UVW1            56277.7301119319        1.33015      0.0344239        1.55965      0.0379953
UVW1            57462.7697795941        1.30181      0.0412154        1.55020      0.0471346
UVW1            57646.5338115059        1.25980      0.0461457        1.47500      0.0512892
