UVM2            2655.69163740007        362.290        368.096      0.0367401      0.0126134    0.000730496       0.104135      0.0169498
UVM2            2655.75890507828        398.375        404.758     0.00585408     0.00902820    0.000931237      0.0740067      0.0136274
UVM2            2659.03138464922        217.237        220.718      0.0353515      0.0155376    0.000597672      0.0911083      0.0204748
UVM2            2659.09935107222        232.037        235.755     0.00542417     0.00982293    0.000594886      0.0584687      0.0158717
UVM2            2661.17840424599        369.717        375.641      0.0199237      0.0101465    0.000634836      0.0659989      0.0133588
UVM2            2663.05496464856        222.265        225.827      0.0156400      0.0128013    0.000728176      0.0675151      0.0174259
UVM2            2663.12232111348        104.803        106.482    -0.00263199      0.0138819    0.000799758      0.0569744      0.0233128
UVM2            2663.18898819480        223.176        226.752      0.0345350      0.0158402    0.000751321      0.0910644      0.0201956
UVM2            2665.99957798189        75.5485        76.7591      0.0249707      0.0249956    0.000777732      0.0794580      0.0324246
UVM2            2667.06727036461        42.9179        43.6056    -0.00101070      0.0233919    0.000653928      0.0466140      0.0329527
UVM2            2674.07679415029        53.3660        54.2212     -0.0135408      0.0188018    0.000489172      0.0187407      0.0187407
UVM2            2674.14407388214        67.1774        68.2539     0.00236102      0.0149487    0.000442294      0.0525793      0.0279732
UVM2            2674.21083191549        50.8334        51.6480      0.0272211      0.0290569    0.000548922      0.0787265      0.0393464
UVM2            2674.27810292132        66.6997        67.7685      0.0282873      0.0254122    0.000516221       0.105016      0.0396696
UVM2            2674.34482437698        56.7743        57.6841      0.0154466      0.0246968    0.000671095      0.0996836      0.0418923
UVM2            2674.41148441657        58.2948        59.2290     0.00250663      0.0172237    0.000517308      0.0343156      0.0242603
UVM2            2678.29787410004        95.1612        96.6861      0.0249507      0.0210641    0.000604316      0.0630753      0.0257416
UVM2            2678.36522063473        131.083        133.183    0.000508957      0.0112148    0.000559296      0.0541366      0.0203197
UVM2            2682.05855529848        83.5739        84.9132      0.0143491      0.0207912    0.000763065      0.0718244      0.0293108
UVM2            2682.12591753853        84.0316        85.3782     0.00387099      0.0179281    0.000810380      0.0725527      0.0293786
UVM2            2686.68993291724        61.9906        63.3034      0.0207626      0.0280230    0.000977388      0.0806876      0.0360727
UVM2            2686.75726776943        66.4116        67.8181      0.0381073      0.0301830    0.000783231       0.105455      0.0398409
UVM2            2686.82393853087        65.3929        66.7778     -0.0234549      0.0153922    0.000830183        0.00000      0.0152922
UVM2            2686.89121389529        80.1057        81.8022      0.0115450      0.0216939    0.000915597      0.0587260      0.0270731
UVM2            2686.95674535213        37.2859        38.0755     0.00756364      0.0269121    0.000680559      0.0419007      0.0335201
UVM2            2690.44199884264        64.8591        66.2326     -0.0257627      0.0155320    0.000911971      0.0308405      0.0218048
UVM2            2690.57607698161        56.4620        57.6578      0.0483209      0.0354832    0.000797306      0.0747488      0.0363803
UVM2            2690.64275609562        54.0637        55.2086      0.0308416      0.0321106    0.000873063      0.0705326      0.0361150
UVM2            2690.71011769213        54.0224        55.1664      0.0252015      0.0334129     0.00122651       0.171065      0.0562551
UVM2            2690.77677490050        55.5415        56.7178    -0.00771816      0.0181293    0.000909563      0.0945655      0.0412557
UVM2            2690.84413712332        55.9348        57.1194      0.0471169      0.0358201    0.000863086      0.0715356      0.0357573
UVM2            2694.05898443842        10.6590        10.8848      0.0747860      0.0941306    0.000677326       0.281820       0.162521
UVM2            2694.12565472163        10.1996        10.4156     -0.0151441      0.0981082    0.000535633        0.00000      0.0980433
UVM2            2694.19232062856        10.2158        10.4321      0.0666146      0.0981293     0.00110805       0.125467       0.110798
UVM2            2694.25968348421        9.71308        9.91878     -0.0290985       0.103079     0.00102943        0.00000       0.102954
UVM2            2694.32634450682        11.1699        11.4064     -0.0214762      0.0896185    0.000759529        0.00000      0.0895266
UVM2            2694.39371271571        10.1428        10.3576     -0.0274421      0.0988013     0.00102638      0.0986372      0.0986372
UVM2            2694.92911446281        12.1618        12.4193      0.0637361      0.0823633    0.000654738      0.0822563      0.0822563
UVM2            2694.99638713384        27.4189        27.9995      0.0146514      0.0365834    0.000771284      0.0586982      0.0462639
UVM2            2697.47296108585        114.773        116.612     0.00388771      0.0151158    0.000782320      0.0712325      0.0249084
UVM2            2697.53962623607        114.729        116.568      0.0380631      0.0231102    0.000812432      0.0745311      0.0254833
UVM2            2697.60636531981        101.807        103.438      0.0345717      0.0241260    0.000863068       0.111345      0.0330623
UVM2            2697.67242569476        87.4937        88.8958     0.00362159      0.0198864     0.00108412      0.0786151      0.0299698
UVM2            2701.01246895129        244.493        248.411      0.0254168      0.0131444    0.000589483      0.0703925      0.0169652
UVM2            2701.07524276944        197.941        201.113      0.0396044      0.0166815    0.000540616      0.0975469      0.0221941
UVM2            2705.02299778583        226.129        229.753      0.0195997      0.0124532    0.000541268      0.0678126      0.0173144
UVM2            2705.09034835454        227.530        231.176     0.00793926     0.00984162    0.000493966      0.0367463      0.0127072
UVM2            2713.60337171378        244.080        247.992      0.0113049      0.0120173    0.000839018      0.0518683      0.0145758
UVM2            2713.67070891801        260.845        265.025      0.0217394      0.0139683     0.00102010      0.0993187      0.0195084
UVM2            2719.08822792396        234.045        237.796      0.0313303      0.0143430    0.000587733      0.0859005      0.0191540
UVM2            2719.15228086850        206.237        209.542      0.0199270      0.0128550    0.000495886      0.0406963      0.0140460
UVM2            2719.22087286646        233.524        237.266     0.00354712     0.00930942    0.000584202      0.0558207      0.0154588
UVM2            2723.28884544875        129.094        131.163      0.0293822      0.0190182    0.000604860      0.0845249      0.0255831
UVM2            2723.35560336057        113.793        115.617    -0.00559823     0.00885112    0.000508265      0.0175776      0.0124281
UVM2            2723.42226282973        114.218        116.049      0.0442147      0.0233415    0.000629022       0.103762      0.0301333
UVM2            2723.48962154519        115.227        117.073      0.0444328      0.0227956    0.000539677      0.0862929      0.0273604
UVM2            2723.55629352434        114.262        116.093     0.00238635      0.0124303    0.000535411      0.0614261      0.0231827
UVM2            2727.17405881081        25.3718        25.7784      0.0104210      0.0395000    0.000415180      0.0788658      0.0557427
UVM2            2727.30699578580        153.310        155.767     0.00819017      0.0123477    0.000532663      0.0326202      0.0145856
UVM2            2727.37452785531        182.846        185.777      0.0170490      0.0127449    0.000442921      0.0534285      0.0170918
UVM2            2727.44881031662        100.168        101.773      0.0349462      0.0223700    0.000530385      0.0933371      0.0305188
UVM2            2727.51789860381        159.216        161.768      0.0169157      0.0140778    0.000512320      0.0503622      0.0177831
UVM2            2727.58224921022        80.4806        81.7702      0.0267826      0.0215644    0.000371954      0.0862528      0.0327305
UVM2            2727.64319031825        50.9544        51.7709      0.0463056      0.0340434    0.000445607      0.0785395      0.0392530
UVM2            2727.70946956985        25.3718        25.7784      0.0657010      0.0558064    0.000465741      0.0788658      0.0557427
UVM2            2727.77641435480        35.2084        35.7726     -0.0117179      0.0284525    0.000414276        0.00000      0.0284024
UVM2            2727.84349960648        25.3691        25.7756      0.0226180      0.0395000    0.000529041      0.0394276      0.0394276
UVM2            2727.91451228270        173.008        175.780      0.0385258      0.0172633    0.000455957      0.0734576      0.0206020
UVM2            2731.00385422260        94.2585        95.7690      0.0181020      0.0195401    0.000626003      0.0550588      0.0241655
UVM2            2731.06962345587        133.635        135.776     0.00732447      0.0143885    0.000712822      0.0374240      0.0167331
UVM2            2731.46774110151        94.2583        95.7688      0.0157499      0.0184277    0.000569109      0.0732997      0.0278815
UVM2            2731.53646585159        163.148        165.763     0.00337262      0.0104311    0.000504139      0.0271087      0.0128895
UVM2            2731.60380987823        163.158        165.772      0.0148050      0.0137433    0.000560722      0.0652452      0.0199942
UVM2            2735.41801217385        10.2547        10.4190     -0.0142911      0.0975777    0.000506001        0.00000      0.0975166
UVM2            2735.48894612165        111.689        113.478      0.0164934      0.0167986    0.000525875      0.0881856      0.0280934
UVM2            2735.56056547444        214.697        218.137      0.0174470      0.0134602    0.000750348      0.0972138      0.0212741
UVM2            2735.62722690636        215.261        218.710      0.0171256      0.0139818    0.000873357      0.0817000      0.0194780
UVM2            2735.69458989380        215.260        218.709      0.0181260      0.0139671    0.000836269      0.0762506      0.0188175
UVM2            2740.37027602410        98.8085        100.392      0.0263882      0.0202883    0.000499204      0.0911363      0.0303637
UVM2            2740.44131161971        182.063        184.981     0.00813972      0.0119551    0.000625580      0.0754703      0.0203563
UVM2            2740.50856756186        199.364        202.559      0.0245702      0.0139359    0.000495157      0.0580151      0.0170564
UVM2            2740.57594976947        196.397        199.544      0.0100494      0.0113125    0.000528204      0.0554729      0.0168041
UVM2            2740.64259608975        199.885        203.088      0.0296464      0.0151722    0.000572606      0.0850935      0.0206287
UVM2            2740.70927789761        197.420        200.583      0.0144441      0.0125230    0.000578156      0.0608069      0.0175476
UVM2            2740.77661669068        200.383        203.594      0.0193139      0.0132353    0.000552926      0.0591283      0.0171754
UVM2            2749.42579179397        105.314        107.002      0.0179545      0.0186346    0.000651052      0.0929276      0.0296985
UVM2            2749.49305986660        120.680        122.614   -0.000632051      0.0132078    0.000759844      0.0497335      0.0202982
UVM2            2749.55981299793        106.301        108.005     0.00498881      0.0174380    0.000956879      0.0847089      0.0282233
UVM2            2749.62707876461        122.187        124.145     0.00145973      0.0140535    0.000794226      0.0573093      0.0216541
UVM2            2749.69374782266        121.722        123.673    -0.00734619      0.0116061    0.000831873      0.0565007      0.0215419
UVM2            2749.76050242083        106.791        108.502      0.0363158      0.0229325    0.000693530       0.102489      0.0309719
UVM2            2749.82777796406        122.167        124.125      0.0110142      0.0159716    0.000705490      0.0753659      0.0248332
UVM2            2749.89445601730        120.126        122.051      0.0582173      0.0254514    0.000684118       0.108942      0.0301069
UVM2            2749.96224208036        47.8915        48.6589      0.0703072      0.0431264    0.000654919       0.125380      0.0511512
UVM2            2755.77022569627        562.745        571.763      0.0190589     0.00735183    0.000397841      0.0528831     0.00969278
UVM2            2755.83723850641        543.058        551.761      0.0242370     0.00810082    0.000398711      0.0605022      0.0105536
UVM2            2755.90453375876        543.637        555.763     0.00808304     0.00617570    0.000443256      0.0496807     0.00955847
UVM2            2755.97224968113        487.940        495.759      0.0183510     0.00803369    0.000460012      0.0561226      0.0107233
UVM2            2760.38898819033        105.315        107.003      0.0113776      0.0159263    0.000537499      0.0522410      0.0222693
UVM2            2760.45576942340        85.0071        86.3693      0.0158277      0.0184686    0.000461071      0.0536838      0.0251269
UVM2            2760.52668903163        189.014        192.042      0.0438473      0.0174910    0.000488140      0.0925539      0.0221236
UVM2            2760.59347902006        167.676        170.363      0.0217827      0.0143675    0.000448853      0.0492170      0.0171306
UVM2            2760.86353856418        299.874        304.679      0.0275184      0.0114438    0.000411008      0.0648464      0.0147030
UVM2            2760.92690053908        152.355        154.796      0.0451827      0.0197061    0.000489037      0.0846559      0.0235675
UVM2            2760.99851818616        255.439        259.532      0.0202227      0.0114594    0.000466263      0.0589278      0.0151865
UVM2            2763.07947971812        304.824        309.709      0.0162417      0.0102867    0.000559794      0.0578408      0.0137732
UVM2            2763.14613917423        306.333        311.242     0.00789601     0.00877209    0.000549453      0.0604142      0.0140414
UVM2            2763.21350831306        304.836        309.721     0.00912928     0.00901194    0.000547528      0.0488114      0.0126525
UVM2            2763.28016341990        306.474        311.385      0.0156490      0.0102911    0.000588439      0.0706436      0.0151798
UVM2            2763.34570005490        262.312        266.515      0.0222712      0.0117853    0.000496185      0.0599470      0.0151152
UVM2            2763.41359038139        290.079        294.728      0.0347887      0.0133095    0.000580776      0.0853663      0.0171513
UVM2            2763.48086251458        305.921        310.823      0.0173752      0.0105981    0.000594327      0.0762385      0.0157836
UVM2            2763.54518839391        231.190        234.894      0.0211739      0.0123353    0.000490353      0.0770815      0.0182563
UVM2            2765.00482417410        10.2764        10.4411     -0.0125270      0.0973641    0.000442259        0.00000      0.0973103
UVM2            2765.07149098022        9.68964        9.84492      0.0881966       0.103391    0.000533046       0.103268       0.103268
UVM2            2765.13875266165        27.0528        27.4863      0.0659822      0.0561470    0.000671663       0.147993      0.0739373
UVM2            2765.20550842769        12.2323        12.4283     -0.0179272      0.0818279    0.000633556        0.00000      0.0817510
UVM2            2765.27278064284        27.0207        27.4537      0.0286862      0.0396449    0.000480062       0.148169      0.0740251
UVM2            2765.33945653681        25.0893        25.4914     -0.0108392      0.0399224    0.000383054      0.0398674      0.0398674
UVM2            2765.40618706681        14.2506        14.4790     -0.0163036      0.0702424    0.000575713        0.00000      0.0701725
UVM2            2765.47356426064        11.2761        11.4568     -0.0189848      0.0887647    0.000671765        0.00000      0.0886834
UVM2            2765.54022053210        13.2618        13.4743    -0.00949741      0.0754452    0.000335926        0.00000      0.0754045
UVM2            2765.60758770397        11.7542        11.9425      0.0683896      0.0853158    0.000592874       0.170331       0.120331
UVM2            2765.67425515875        12.2105        12.4062      0.0712140      0.0820981    0.000380754       0.163958       0.115833
UVM2            2765.74092669552        11.2326        11.4126     -0.0230617      0.0891253    0.000815969        0.00000      0.0890266
UVM2            2765.80828658026        11.7433        11.9315      0.0698920      0.0853044    0.000541834      0.0851996      0.0851996
UVM2            2765.87495166715        11.6890        11.8763     -0.0102604      0.0855947    0.000362906        0.00000      0.0855508
UVM2            2765.94230874116        12.2214        12.4172     -0.0147231      0.0818928    0.000520639     0.00638250      0.0818269
UVM2            2766.02468482824        293.467        298.169      0.0276665      0.0118278    0.000468287      0.0729745      0.0157664
UVM2            2766.09134941176        293.434        298.136      0.0177441      0.0106236    0.000538387      0.0486831      0.0128790
UVM2            2768.10132562788        14.6852        14.9206     -0.0151699      0.0681606    0.000536434        0.00000      0.0680956
UVM2            2768.23536288925        12.7620        12.9665     -0.0153370      0.0784236    0.000541588        0.00000      0.0783578
UVM2            2770.77676291624        293.998        298.709      0.0208771      0.0108134    0.000472421      0.0635899      0.0147047
UVM2            2770.91078659985        294.411        299.129      0.0292977      0.0120077    0.000460676      0.0610566      0.0143988
UVM2            2770.97502130968        235.990        239.772      0.0189938      0.0112209    0.000375291      0.0544443      0.0151871
UVM2            2773.05254506646        279.632        284.113      0.0287243      0.0121657    0.000442614      0.0645639      0.0151927
UVM2            2773.11926548509        270.304        274.636      0.0136368      0.0104922    0.000564502      0.0481674      0.0133475
UVM2            2773.17740184581        67.6342        68.7180    0.000171222      0.0148519    0.000508805      0.0295762      0.0209102
UVM2            2773.24657493737        113.264        115.079      0.0282827      0.0196903    0.000547444      0.0706624      0.0249733
UVM2            2773.31506676320        157.263        159.783     0.00571725      0.0110504    0.000472574      0.0381616      0.0155762
UVM2            2773.92424408253        14.2180        14.4458      0.0535133      0.0705203    0.000596679       0.140788      0.0994764
UVM2            2778.00394708524        40.9321        41.5880      0.0329474      0.0346187    0.000562583      0.0733252      0.0423174
UVM2            2778.05404617824        142.420        144.702      0.0440771      0.0204494    0.000541218      0.0810052      0.0238445
UVM2            2778.12251802906        189.480        192.517      0.0185949      0.0134375    0.000546639      0.0475122      0.0158333
UVM2            2778.19163175393        245.894        249.834      0.0502073      0.0162957    0.000526835      0.0974703      0.0199050
UVM2            2778.25899505801        245.404        249.336      0.0233100      0.0122495    0.000473191      0.0572605      0.0152731
UVM2            2778.32566396054        245.393        249.325      0.0199454      0.0115521    0.000448512      0.0665002      0.0164593
UVM2            2778.39301788947        245.914        249.855      0.0186215      0.0117508    0.000537638      0.0488122      0.0140871
UVM2            2778.46036951710        247.890        251.862      0.0198501      0.0114317    0.000439373      0.0368836      0.0121969
UVM2            2778.52703280561        247.858        251.830      0.0155788      0.0105806    0.000426291      0.0625599      0.0158848
UVM2            2780.48187710997        251.334        255.362      0.0161792      0.0110813    0.000514689      0.0512428      0.0142770
UVM2            2780.54974936694        46.3829        47.1262     -0.0156903      0.0216268    0.000554832        0.00000      0.0215597
UVM2            2780.61703920225        58.2193        59.1523     -0.0122339      0.0172288    0.000432455        0.00000      0.0171764
UVM2            2780.68378592748        44.3854        45.0967      0.0314419      0.0319370    0.000483073       0.112367      0.0503018
UVM2            2780.74708491098        381.010        387.115      0.0256549      0.0101926    0.000486781      0.0775441      0.0142635
UVM2            2780.81375675369        380.564        386.663      0.0197954     0.00940441    0.000485681      0.0645272      0.0130194
UVM2            2780.88042686880        379.600        385.683      0.0218998     0.00996805    0.000552678      0.0681502      0.0133968
UVM2            2780.94777802471        381.520        387.634      0.0236358      0.0101698    0.000553249      0.0733817      0.0138663
UVM2            2780.99984939443        29.0744        29.5403     -0.0108616      0.0344547    0.000384112      0.0344018      0.0344018
UVM2            2783.55696457950        354.352        360.030     0.00647735     0.00793190    0.000554224      0.0566357      0.0126407
UVM2            2783.61772105657        296.007        300.750      0.0242991      0.0112260    0.000455294      0.0550207      0.0136319
UVM2            2783.68438883498        296.019        300.763      0.0417510      0.0138159    0.000516670      0.0713949      0.0155275
UVM2            2783.75235800818        310.873        315.855      0.0381967      0.0129352    0.000483330      0.0905213      0.0170605
UVM2            2783.82692757901        384.072        390.226     0.00260592     0.00701738    0.000571253      0.0555919      0.0120294
UVM2            2783.89429664472        383.605        389.752      0.0219413      0.0100680    0.000593276      0.0675219      0.0132651
UVM2            2787.43644269230        301.405        306.235      0.0168611      0.0105202    0.000577229      0.0671102      0.0149194
UVM2            2787.50379873673        301.893        306.731      0.0198594      0.0109347    0.000567318      0.0636865      0.0145222
UVM2            2787.57046395261        302.478        307.326      0.0242602      0.0114645    0.000541519      0.0784004      0.0160965
UVM2            2787.63712910982        302.413        307.259      0.0106485     0.00938040    0.000559796      0.0460495      0.0123386
UVM2            2787.71341770561        201.881        205.116      0.0129662      0.0117319    0.000517827      0.0598494      0.0172156
UVM2            2787.91468833061        104.326        105.998      0.0160299      0.0166384    0.000450025      0.0380530      0.0190967
UVM2            2787.98247414175        32.0499        32.5635     -0.0160576      0.0312701    0.000567818        0.00000      0.0312014
UVM2            2820.16811030637        820.575        833.725      0.0121231     0.00601959    0.000616430      0.0570056     0.00833376
UVM2            2820.23340445245        1054.18        1071.08      0.0125636     0.00524713    0.000575182      0.0564661     0.00731776
UVM2            2820.30537594343        1569.23        1594.38     -0.0161112    0.000702932    0.000569406        0.00000    0.000637254
UVM2            2820.37411972741        1570.14        1595.31     -0.0140862    0.000694369    0.000500353        0.00000    0.000636884
UVM2            3476.51864137733        257.932        262.065     0.00975507     0.00955442    0.000484178      0.0473209      0.0135433
UVM2            3476.58530550543        258.388        262.528      0.0264476      0.0126559    0.000521475      0.0966176      0.0193327
UVM2            3476.65268223966        255.749        259.847     0.00363490     0.00826540    0.000484921      0.0609771      0.0154388
UVM2            3476.71934879478        255.706        259.803      0.0221919      0.0119347    0.000497442      0.0795052      0.0176298
UVM2            3476.78601943282        254.978        259.064     0.00930445     0.00976999    0.000525558      0.0615658      0.0155366
UVM2            3525.45788577246        79.3460        80.6175      0.0478565      0.0279069    0.000488778      0.0889629      0.0334773
UVM2            3525.52427725727        244.315        248.230     0.00376784     0.00830334    0.000457788      0.0307940      0.0112260
UVM2            3525.59102041554        231.284        234.990      0.0234006      0.0125158    0.000449912      0.0540252      0.0152816
UVM2            3525.65829868289        245.390        249.322      0.0116435     0.00981596    0.000420805      0.0639480      0.0161406
UVM2            3525.72516040644        212.107        215.506     0.00130470     0.00825130    0.000461877      0.0419425      0.0140607
UVM2            4348.36766845267        1012.48        1028.71      0.0189898     0.00607085    0.000640851      0.0652429     0.00802612
UVM2            4613.20806681504        283.494        288.036      0.0203826      0.0110202    0.000494034      0.0546192      0.0138786
UVM2            4613.27230146201        224.736        228.337      0.0280023      0.0132077    0.000391429      0.0729494      0.0180136
UVM2            4729.83489869209        89.8466        91.2864     -0.0246730      0.0112348    0.000876242        0.00000      0.0111301
UVM2            4729.90528794238        165.555        168.208     -0.0203991     0.00612677    0.000723709        0.00000     0.00604029
UVM2            4729.96994786942        152.329        154.770     -0.0206864     0.00665244    0.000734290        0.00000     0.00656475
UVM2            4730.04695822112        401.009        407.435     -0.0206556     0.00258036    0.000733197        0.00000     0.00249371
UVM2            4730.10632490786        225.398        229.010     -0.0226666     0.00453223    0.000805014        0.00000     0.00443659
UVM2            4730.17307573743        211.065        214.447     -0.0241129     0.00483999    0.000853486        0.00000     0.00473789
UVM2            4973.01563558355        177.272        180.112     -0.0140879     0.00570103    0.000498733        0.00000     0.00564106
UVM2            4973.14366092067        371.396        377.348      0.0223278     0.00982985    0.000474739      0.0538740      0.0120425
UVM2            4973.35173813440        296.872        301.629     -0.0134652     0.00342547    0.000477768        0.00000     0.00336846
