UVM2            6922.44575488754        133.337        135.473       0.104460      0.0295684    0.000415405       0.138918      0.0322672
UVM2            6922.56801037164        127.799        129.846       0.107122      0.0312346    0.000601647       0.195550      0.0390990
UVM2            6923.23094619252        9.61358        9.76764       0.129383       0.120508    0.000345197       0.207262       0.146759
UVM2            6923.23163121333        75.9279        79.7767      0.0737585      0.0346337    0.000599596       0.142793      0.0433618
UVM2            6923.23317129305        99.0984        100.686      0.0844093      0.0322603    0.000644436       0.126801      0.0357601
UVM2            6924.48936369736        275.491        279.905      0.0770669      0.0182722    0.000512943       0.129083      0.0216396
UVM2            6924.70125895320        9.60272        9.75660     -0.0142212       0.104270    0.000502617        0.00000       0.104137
UVM2            6924.70195140876        75.9368        79.7739      0.0529736      0.0294576    0.000446857       0.163188      0.0463516
UVM2            6924.70319371158        49.4080        50.1998       0.107135      0.0494182    0.000463507       0.162382      0.0573066
UVM2            6925.70088331308        9.60272        9.75660    -0.00486501       0.104429    0.000171971       0.204470       0.145851
UVM2            6925.70157518703        75.9078        79.7610       0.132609      0.0436103    0.000406563       0.144690      0.0436545
UVM2            6926.28751084441        9.60272        9.75660       0.194731       0.147619    0.000481230       0.313012       0.180411
UVM2            6926.28820048226        75.9154        79.7677      0.0760584      0.0344060    0.000477160       0.143937      0.0435386
UVM2            6928.53955758829        6.28731        6.38806    -0.00585524       0.159105    0.000206738        0.00000       0.159051
UVM2            6928.60735692270        167.955        170.646       0.106698      0.0270614    0.000560088       0.147751      0.0296496
UVM2            6928.61996790674        267.249        271.531      0.0662723      0.0171367    0.000420911       0.118946      0.0210909
UVM2            6929.61779635120        163.915        166.542      0.0596657      0.0209980    0.000436536       0.106973      0.0255398
UVM2            6930.68472202634        237.973        241.786       0.118063      0.0238069    0.000575727       0.176868      0.0272508
UVM2            6931.80090255477        9.60272        9.75660      0.0753906       0.105128     0.00105729       0.209585       0.147662
UVM2            6931.80170223489        94.9444        99.7706        0.00000      0.0105343        0.00000        0.00000      0.0105325
UVM2            6932.19351651520        159.800        162.360       0.112857      0.0282060    0.000487912       0.175828      0.0331571
UVM2            6932.39069073647        167.705        170.392      0.0819215      0.0238537    0.000464843       0.125466      0.0273439
UVM2            6932.40633960487        340.991        346.456      0.0939020      0.0178664    0.000514496       0.136478      0.0199996
UVM2            6933.73419176554        328.352        333.613       0.106262      0.0192714    0.000536283       0.165665      0.0224531
UVM2            6934.66041659005        238.179        241.996       0.120192      0.0236699    0.000455156       0.169444      0.0266617
UVM2            6935.80111459456        284.666        289.228      0.0821495      0.0184687    0.000514135       0.129796      0.0213466
UVM2            6936.08131435234        322.140        5870.94      0.0736642      0.0166981    0.000555704       0.136372      0.0205684
UVM2            6936.38383220555        271.386        275.735      0.0968277      0.0202803    0.000507082       0.163721      0.0245523
UVM2            6937.79103069473        228.276        231.934      0.0907683      0.0215292    0.000514417       0.180644      0.0281188
UVM2            6940.26265597623        187.175        5855.05      0.0759741      0.0220581    0.000519674       0.113090      0.0245739
UVM2            6940.77999633923        215.093        218.540      0.0849335      0.0213870    0.000462474       0.153553      0.0267090
UVM2            6941.16996931517        266.738        271.013      0.0808346      0.0188216    0.000471785       0.125929      0.0217215
UVM2            6942.16574821714        276.066        280.490      0.0906865      0.0192796    0.000409021       0.145156      0.0229225
UVM2            6943.23458563024        261.407        265.596      0.0716091      0.0184213    0.000589328       0.123794      0.0217553
UVM2            6944.22450083354        204.940        208.224      0.0703892      0.0202469    0.000470595       0.116576      0.0238436
UVM2            6944.71854784153        254.685        6132.01      0.0966398      0.0213304    0.000661258       0.152515      0.0244624
UVM2            6945.16583435796        261.613        265.805      0.0755692      0.0183049    0.000415002       0.151249      0.0240360
UVM2            6945.76514486549        260.711        264.889      0.0867688      0.0196337    0.000471849       0.145432      0.0236103
UVM2            6946.45653387252        359.897        5832.88      0.0882170      0.0167560    0.000440587       0.140640      0.0197615
UVM2            6947.42046592478        556.367        12305.2      0.0938614      0.0138215    0.000427559       0.150774      0.0164561
UVM2            6948.75682054600        141.264        143.527       0.152684      0.0342441    0.000439107       0.214464      0.0389441
UVM2            6950.53771470580        319.719        324.842       0.116040      0.0199851    0.000397704       0.171080      0.0231228
UVM2            6952.93903090758        332.120        337.442      0.0755003      0.0162271    0.000411051       0.127138      0.0195596
UVM2            6954.25753614912        373.785        379.775      0.0915426      0.0167651    0.000465376       0.141646      0.0194601
UVM2            6956.25013702177        332.804        338.137       0.112341      0.0194870    0.000477854       0.193382      0.0240944
UVM2            6957.90557967313        234.096        237.848      0.0813079      0.0202206    0.000492914       0.159625      0.0261030
UVM2            6958.26716916915        335.747        17435.0       0.120125      0.0200435    0.000503732       0.179643      0.0231215
UVM2            6959.37142979633        372.721        378.694       0.111666      0.0182808    0.000440239       0.175892      0.0217146
UVM2            6960.17768302700        254.250        258.325      0.0930588      0.0202425    0.000379835       0.154774      0.0246638
UVM2            6961.16458686534        355.705        361.405      0.0931540      0.0177982    0.000670925       0.168482      0.0217550
UVM2            6963.22350016702        375.186        381.198      0.0803022      0.0159817    0.000535130       0.155474      0.0203491
UVM2            6964.88135144999        338.993        344.426      0.0921282      0.0175825    0.000433658       0.158615      0.0216229
UVM2            6965.94523345307        339.938        345.385       0.109766      0.0190636    0.000469377       0.188494      0.0235372
UVM2            6966.36875849310        356.889        17400.5       0.108679      0.0186242    0.000518253       0.169779      0.0218023
UVM2            6967.40535608772        153.730        156.193      0.0636646      0.0220918    0.000391643       0.106647      0.0263321
UVM2            6969.39048621710        503.745        34526.0      0.0930003      0.0146725    0.000529558       0.144998      0.0169601
UVM2            6971.71789891645        650.286        46948.9      0.0914973      0.0127474    0.000487899       0.141555      0.0147491
UVM2            6973.90339303669        133.315        135.451      0.0802340      0.0280785    0.000856438       0.153060      0.0338715
UVM2            6975.27129735658        403.799        96643.8      0.0997685      0.0169006    0.000533972       0.155083      0.0195903
UVM2            6977.15722571546        260.755        34633.1       0.104320      0.0217214    0.000642787       0.184935      0.0266198
UVM2            6979.58225640422        693.015        63308.0      0.0913308      0.0123668    0.000505115       0.149479      0.0146813
UVM2            6988.92158103362        3026.96        82225.3      0.0861418     0.00580743    0.000547792       0.145001     0.00691883
UVM2            7039.72453471227        1650.98        45322.3      0.0914397     0.00813963    0.000615327       0.164940     0.00999134
UVM2            7394.99906820199        396.491        402.845       0.115127      0.0185451    0.000730875       0.189587      0.0218571
UVM2            7418.03693774203        413.138        80019.0       0.104012      0.0169584    0.000508724       0.172910      0.0204496
