       54021.7221253304        4.93475       0.223397
       54021.7221253304                              
       54025.0635356903        4.72916       0.248092
       54025.0635356903                              
       54027.1753847293        5.37339       0.291337
       54027.1753847293                              
       54030.5258600941        5.13732       0.242719
       54030.5258600941                              
       54033.0661604122        5.13358       0.280434
       54033.0661604122                              
       54040.2436302598        4.87866       0.257800
       54040.2436302598                              
       54044.3305639544        5.27576       0.316495
       54044.3305639544                              
       54048.0914926910        5.19170       0.358037
       54048.0914926910                              
       54052.8228250295        5.07279       0.284654
       54052.8228250295                              
       54056.6424987947        5.16029       0.284080
       54056.6424987947                              
       54060.5274687910        5.84147       0.374821
       54060.5274687910                              
       54063.5717752316        5.20312       0.271510
       54063.5717752316                              
       54067.0419855674        5.25032       0.265014
       54067.0419855674                              
       54071.0548035525        5.19035       0.260568
       54071.0548035525                              
       54079.6349564243        4.90548       0.245800
       54079.6349564243                              
       54085.1526111884        5.27515       0.235573
       54085.1526111884                              
       54089.4214956701        5.10817       0.232773
       54089.4214956701                              
       54093.5434987856        5.26014       0.188634
       54093.5434987856                              
       54097.3024678265        5.27491       0.198658
       54097.3024678265                              
       54101.5554870470        5.47569       0.229176
       54101.5554870470                              
       54106.5722795165        5.06863       0.200654
       54106.5722795165                              
       54115.6932376493        5.35342       0.215870
       54115.6932376493                              
       54126.6922851354        5.29627       0.203601
       54126.6922851354                              
       54129.3100479289        5.20279       0.190402
       54129.3100479289                              
       54131.4733117098        5.30540       0.251148
       54131.4733117098                              
       54132.0556158671        5.33767       0.248618
       54132.0556158671                              
       54134.4019731701        5.24267       0.267808
       54134.4019731701                              
       54136.4408401609        5.28066       0.219665
       54136.4408401609                              
       54139.4868816737        5.09894       0.207456
       54139.4868816737                              
       54144.2644575007        5.33284       0.199285
       54144.2644575007                              
       54146.7394537809        5.09909       0.189322
       54146.7394537809                              
       54149.7226562348        5.06648       0.188918
       54149.7226562348                              
       54153.7077884128        5.13956       0.197791
       54153.7077884128                              
       54186.5064518824        5.14365       0.178700
       54186.5064518824                              
       54407.7294900103        4.91824       0.207208
       54407.7294900103                              
       54541.1660846699        5.19988       0.230320
       54541.1660846699                              
       54842.6502375978        5.42064       0.215112
       54842.6502375978                              
       54891.5904061340        5.02866       0.206606
       54891.5904061340                              
       55565.8135011391        5.10038       0.206559
       55565.8135011391                              
       55974.7288365833        5.01333       0.274638
       55974.7288365833                              
       55979.2379908025        4.97559       0.242612
       55979.2379908025                              
