       54021.7464457044        14.3101      0.0383821
       54021.7464457044                              
       54025.0586247001        14.3283      0.0397872
       54025.0586247001                              
       54027.1674931259        14.3095      0.0402471
       54027.1674931259                              
       54030.5223611002        14.3478      0.0390523
       54030.5223611002                              
       54033.0579711515        14.3018      0.0401189
       54033.0579711515                              
       54036.0592247576        14.3007      0.0452258
       54036.0592247576                              
       54040.2420915889        14.3356      0.0400044
       54040.2420915889                              
       54044.3276570221        14.3243      0.0414333
       54044.3276570221                              
       54048.0893337377        14.3368      0.0429083
       54048.0893337377                              
       54052.8212420580        14.2949      0.0397663
       54052.8212420580                              
       54056.6408351307        14.3316      0.0397493
       54056.6408351307                              
       54060.5266201115        14.3372      0.0416477
       54060.5266201115                              
       54063.5692747554        14.3402      0.0398132
       54063.5692747554                              
       54067.0371243139        14.3464      0.0398160
       54067.0371243139                              
       54071.0497930218        14.3081      0.0397026
       54071.0497930218                              
       54079.6292878141        14.3089      0.0393458
       54079.6292878141                              
       54085.1473132796        14.3332      0.0388754
       54085.1473132796                              
       54089.4184511459        14.3098      0.0389055
       54089.4184511459                              
       54093.5482576263        14.3260      0.0377806
       54093.5482576263                              
       54097.3086142095        14.3058      0.0379984
       54097.3086142095                              
       54101.5522908844        14.3154      0.0385200
       54101.5522908844                              
       54106.5687928457        14.3129      0.0381088
       54106.5687928457                              
       54115.6909889253        99.0000        99.0000
       54115.6909889253                              
       54126.6875663260        14.2913      0.0379502
       54126.6875663260                              
       54129.3040883645        14.3126      0.0377369
       54129.3040883645                              
       54131.4721443781        14.3223      0.0392548
       54131.4721443781                              
       54132.0492329892        14.3050      0.0391793
       54132.0492329892                              
       54134.4010054273        14.3031      0.0398522
       54134.4010054273                              
       54136.4377698420        14.2931      0.0381292
       54136.4377698420                              
       54139.4833461589        14.3226      0.0382294
       54139.4833461589                              
       54144.2610093303        14.2734      0.0378231
       54144.2610093303                              
       54146.7361682944        14.2976      0.0377668
       54146.7361682944                              
       54149.7147018689        14.2758      0.0377723
       54149.7147018689                              
       54153.7039056929        14.2704      0.0378331
       54153.7039056929                              
       54186.5184467995        14.3270      0.0375250
       54186.5184467995                              
       54407.7263059786        14.3758      0.0383946
       54407.7263059786                              
       54541.1628204453        14.3097      0.0387151
       54541.1628204453                              
       54842.6447967326        14.3254      0.0381667
       54842.6447967326                              
       54891.5867053814        14.3024      0.0382663
       54891.5867053814                              
       55565.8070432429        14.2741      0.0381734
       55565.8070432429                              
       55974.7869876047        14.3150      0.0382480
       55974.7869876047                              
       55979.2319671341        14.3268      0.0392977
       55979.2319671341                              
