U               53784.9288647142        11.1652      0.0428351        14.7884      0.0432237
U               53788.5218316289        11.5674      0.0886203        14.4600      0.0880015
U               53789.5258606733        11.4453       0.137034        14.3156       0.136152
U               53790.5313867275        11.3498       0.112294        14.2945       0.111866
U               53791.5358279548        11.4850      0.0894974        14.4956      0.0891190
U               53792.7748309090        11.4174       0.131784        14.5275       0.131531
U               53793.5400712364        10.8963       0.203133        14.0347       0.204172
U               53794.3532687789        11.5966       0.108474        14.6774       0.107923
U               53796.5232846835        11.3194       0.104412        14.5018       0.104322
U               53797.2301040785        11.3955      0.0904936        14.5440      0.0902479
U               53802.5182194114        11.0826       0.107560        14.6504       0.108306
U               53803.4284216021        11.4864       0.115414        15.1002       0.115731
U               53805.2707345560        11.3010       0.100066        14.9278       0.100451
U               53808.5530658104        11.4362       0.135266        15.3053       0.135821
U               53809.1431054580        11.4780       0.118787        15.4329       0.119273
U               53810.1472892496        11.3687       0.118638        15.5029       0.119651
U               53811.3850223129        11.3950       0.118050        15.7900       0.119302
U               53814.9012859748        11.0105      0.0929523        15.8850      0.0949977
U               53815.1367309690        10.8842      0.0813932        15.7474      0.0833203
U               53942.2252145591        11.4790      0.0825334        15.2378      0.0830381
U               54508.3439746751        10.2434       0.127832        14.5427       0.131841
U               55545.6131941332        9.84593       0.114563        12.4962       0.116625
U               55743.9234543312        9.60113       0.116202        15.5047       0.123076
U               56216.8982560365        10.1044       0.109777        12.8382       0.111779
U               56550.7291486594        9.76913       0.104246        12.4793       0.106577
U               56672.5343815326        9.36694      0.0975941        12.4920       0.100348
U               56870.8065838572        9.57069       0.109034        13.0632       0.113208
U               56915.8156031938        9.65503       0.131283        12.1607       0.133672
U               56918.3501884597        9.52514       0.162984        12.3546       0.167873
U               56945.4404260279        9.87052       0.127857        12.5911       0.130600
U               56950.2725977688        9.49049       0.154426        12.2452       0.158828
U               56953.0306475149        10.6031       0.275267        13.0076       0.276000
U               57327.9901980194        5.94870      0.0936835        8.01563      0.0998612
U               57332.7763050180        0.00000     0.00635851        0.00000     0.00635851
U               57334.6355108442        10.2932       0.260854        13.0500       0.264678
U               57425.3361356081        8.71472       0.211725        13.4908       0.224056
U               57448.3053793050        8.98729      0.0939439        12.7959      0.0981802
U               57601.0426003071        9.72060       0.176179        13.2643       0.182090
U               57602.6045837761        9.54046       0.159450        12.8763       0.164607
U               57605.5000269259        9.42073       0.265876        13.4810       0.277442
