       54021.7464457044        5.84526       0.250402
       54021.7464457044                              
       54025.0586247001        5.85575       0.299436
       54025.0586247001                              
       54027.1674931259        5.77802       0.314838
       54027.1674931259                              
       54030.5223611002        5.83400       0.277019
       54030.5223611002                              
       54033.0579711515        5.91071       0.315648
       54033.0579711515                              
       54036.0592247576        5.88643       0.458411
       54036.0592247576                              
       54040.2420915889        5.78556       0.302156
       54040.2420915889                              
       54044.3276570221        5.62750       0.343549
       54044.3276570221                              
       54048.0893337377        5.93455       0.398502
       54048.0893337377                              
       54052.8212420580        6.09481       0.342943
       54052.8212420580                              
       54056.6408351307        5.22437       0.312294
       54056.6408351307                              
       54060.5266201115        5.91574       0.411994
       54060.5266201115                              
       54063.5692747554        5.45513       0.297409
       54063.5692747554                              
       54067.0371243139        6.15591       0.308895
       54067.0371243139                              
       54071.0497930218        5.93076       0.298129
       54071.0497930218                              
       54079.6292878141        5.56335       0.275618
       54079.6292878141                              
       54085.1473132796        5.97366       0.270807
       54085.1473132796                              
       54089.4184511459        5.95887       0.273274
       54089.4184511459                              
       54093.5482576263        5.56018       0.214791
       54093.5482576263                              
       54097.3086142095        5.70565       0.231435
       54097.3086142095                              
       54101.5522908844        5.73823       0.249276
       54101.5522908844                              
       54106.5687928457        5.90325       0.239494
       54106.5687928457                              
       54115.6909889253        5.73521       0.239072
       54115.6909889253                              
       54126.6875663260        5.71556       0.228475
       54126.6875663260                              
       54129.3040883645        5.58080       0.213581
       54129.3040883645                              
       54131.4721443781        5.53907       0.271120
       54131.4721443781                              
       54132.0492329892        5.43514       0.263593
       54132.0492329892                              
       54134.4010054273        5.38345       0.285120
       54134.4010054273                              
       54136.4377698420        5.58447       0.230258
       54136.4377698420                              
       54139.4833461589        5.84651       0.242314
       54139.4833461589                              
       54144.2610093303        5.60456       0.219059
       54144.2610093303                              
       54146.7361682944        5.90494       0.226888
       54146.7361682944                              
       54149.7147018689        5.74597       0.222151
       54149.7147018689                              
       54153.7039056929        5.74487       0.224345
       54153.7039056929                              
       54186.5184467995        5.46244       0.200633
       54186.5184467995                              
       54407.7263059786        5.49724       0.236566
       54407.7263059786                              
       54541.1628204453        5.59800       0.254883
       54541.1628204453                              
       54842.6447967326        5.52951       0.229870
       54842.6447967326                              
       54891.5867053814        5.66993       0.239039
       54891.5867053814                              
       55565.8070432429        5.97025       0.246818
       55565.8070432429                              
       55974.7869876047        5.85023       0.245810
       55974.7869876047                              
       55979.2319671341        6.01505       0.290807
       55979.2319671341                              
