U               2006.78145960827        145.455        147.786      0.0133956        106.920        1.36654        118.432       0.643239        8699.12        55.2269        9601.64        52.1494
U               2006.78164384653        142.501        144.785      0.0131141        100.806        1.31529        112.651       0.645390        8238.50        55.3785        9172.65        52.5511
U               2006.78182652481        144.456        146.771      0.0129241        95.9618        1.30466        111.320       0.639861        7997.30        56.4793        9241.71        53.1210
U               2006.79061969835        78.5208        79.7790      0.0122316        109.112        1.87701        119.869       0.876802        4761.25        40.3288        5214.07        38.1392
U               2006.79080452571        83.4507        84.7880      0.0131464        107.771        1.83051        119.866       0.850506        4999.49        41.8004        5541.37        39.3186
U               2006.79648428313        131.664        133.774      0.0118083        111.069        1.46193        121.210       0.678018        8079.35        51.9242        8790.51        49.1720
U               2006.80163483091        82.4517        83.7730      0.0145913        108.700        1.85365        120.703       0.856366        4966.32        41.4516        5493.66        38.9765
U               2006.80182958650        42.1108        42.7857      0.0249714        102.821        2.44108        114.061        1.18939        2476.16        29.9199        2727.89        28.4454
U               2006.80200194745        81.4744        82.7800      0.0148427        107.480        1.86828        120.469       0.861285        4857.76        41.3865        5423.40        38.7744
U               2006.80970960108        32.2618        32.7788      0.0269008        109.654        3.00048        122.124        1.37092        1954.65        25.8602        2161.80        24.2674
U               2006.81261137518        136.594        138.783      0.0119020        107.629        1.41392        118.860       0.664080        8205.09        53.4171        9032.80        50.4668
U               2006.82083126291        47.0191        47.7725      0.0106523        101.302        2.29537        112.972        1.12403        2726.01        31.7793        3030.98        30.1570
U               2006.83182621220        22.4236        22.7830      0.0102145        108.787        3.53565        120.267        1.64141        1352.67        21.6024        1491.43        20.3550
U               2006.83200912314        27.3427        27.7809      0.0104874        110.218        3.19636        120.615        1.48696        1668.70        23.7258        1821.17        22.4517
U               2006.83219316509        22.4236        22.7830      0.0102290        110.137        3.49590        119.829        1.64068        1371.97        21.4593        1488.77        20.3840
U               2006.83237606696        27.3427        27.7809      0.0106704        100.855        2.98017        112.025        1.47214        1584.73        24.2369        1754.99        23.0626
U               2006.83255936424        25.3773        25.7839      0.0102592        96.4465        3.05373        109.791        1.52334        1420.26        23.6048        1611.90        22.3650
U               2006.83274187769        25.3664        25.7729     0.00985581        95.9300        3.07094        110.124        1.52439        1409.85        23.6435        1613.77        22.3385
U               2006.84337750616        45.0645        45.7866      0.0106013        100.205        2.28428        110.515        1.14433        2612.12        31.1142        2872.22        29.7403
U               2006.84356040542        48.9954        49.7806      0.0109615        100.258        2.22255        111.721        1.09929        2826.90        32.4943        3140.36        30.8999
U               2006.85367609234        34.2381        34.7868      0.0111399        108.976        2.83857        119.703        1.32759        2074.42        26.6404        2272.00        25.1981
U               2006.85386051395        34.2273        34.7758      0.0119373        104.887        2.77637        116.610        1.32333        2023.18        26.9192        2242.04        25.4434
U               2006.86635744599        29.1657        29.7834      0.0391443        107.409        2.72757        120.402        1.57612        1989.60        29.5713        2207.18        28.8930
U               2006.86654180699        29.1657        29.7834      0.0377935        103.456        2.65434        116.666        1.56486        1941.13        29.6591        2166.28        29.0567
U               2006.86672434172        29.1575        29.7750      0.0368694        104.853        2.71775        119.609        1.57401        1946.22        29.6458        2197.97        28.9247
U               2006.86690723948        34.0541        34.7753      0.0381779        105.024        2.49065        118.494        1.45338        2286.20        32.0181        2552.91        31.3125
U               2006.86709044270        19.3644        19.7745      0.0388694        109.965        3.42240        123.382        1.94468        1338.27        24.0494        1486.51        23.4295
U               2006.87663044472        27.1940        27.7699      0.0359862        99.0490        2.69264        113.767        1.61100        1750.11        28.7178        1989.44        28.1715
U               2006.87699835083        24.2692        24.7831      0.0383051        104.381        2.90367        116.532        1.71502        1630.55        27.0271        1801.35        26.5107
U               2006.87718086800        24.2610        24.7748      0.0393837        104.138        2.92885        117.505        1.71861        1621.23        27.0389        1809.71        26.4685
U               2006.87736527646        24.2692        24.7832      0.0462381        102.459        2.92511        117.205        1.71730        1600.68        27.0790        1807.56        26.4847
U               2006.87754781397        24.2692        24.7832      0.0408856        110.215        3.05081        123.196        1.73653        1683.01        26.9087        1861.40        26.2376
U               2006.87773225314        24.2692        24.7831      0.0399616        106.856        2.94414        118.511        1.72167        1658.12        26.9692        1819.52        26.4332
U               2006.88653779026        9.57953        9.78240      0.0429001        108.299        4.77789        121.010        2.75321        658.108        16.9305        727.096        16.5428
U               2006.88672035863        9.57951        9.78238      0.0461961        94.0769        4.41895        110.332        2.69409        594.715        17.0694        687.794        16.7946
U               2006.88690284976        9.57130        9.77400      0.0393385        109.406        4.79306        121.491        2.75681        662.470        16.9038        728.163        16.5230
U               2006.88708730210        9.57951        9.78238      0.0449447        102.213        4.56365        114.795        2.72015        635.333        17.0038        704.637        16.6969
U               2006.88726978526        9.57128        9.77398      0.0385819        94.7757        4.38109        109.243        2.68858        599.473        17.0582        683.002        16.8094
U               2006.88745426552        9.57951        9.78238      0.0370491        108.799        4.79102        121.382        2.75508        659.265        16.9260        728.405        16.5330
U               2006.88892010940        9.57128        9.77398      0.0405147        104.952        4.78001        120.541        2.75203        638.079        16.9876        724.818        16.5480
U               2006.88910302461        14.4761        14.7827      0.0407626        94.4406        3.54915        108.778        2.18381        905.571        20.9793        1030.28        20.6838
U               2006.89587563336        45.0536        45.7756      0.0245836        107.762        2.44378        118.432        1.15577        2723.73        30.5904        2974.04        29.0234
U               2006.89605815505        45.0536        45.7756      0.0248312        103.689        2.38085        115.038        1.15128        2660.14        30.8982        2931.16        29.3344
U               2006.89624220366        40.1345        40.7777      0.0271875        106.528        2.59172        118.131        1.22415        2403.57        28.9929        2645.99        27.4196
U               2006.89642430353        35.2154        35.7798      0.0229152        108.527        2.84009        120.830        1.31053        2121.30        27.0890        2347.56        25.4618
U               2006.90555513563        88.3589        89.7749     0.00976760        107.455        1.75688        118.733       0.825567        5298.90        42.9933        5839.99        40.6061
U               2006.90573125312        71.6362        72.7842     0.00968534        107.909        1.98666        120.323       0.918391        4284.91        38.7549        4765.70        36.3753
U               2006.91653688162        82.4517        83.7730     0.00971980        108.373        1.83266        119.641       0.855445        4967.47        41.4473        5470.00        39.1110
U               2006.91672125592        82.4517        83.7730     0.00967164        108.982        1.83614        119.993       0.855754        4987.71        41.3713        5477.87        39.0665
U               2006.94002655817        91.3126        92.7758     0.00995241        108.273        1.74593        119.815       0.813026        5492.41        43.6489        6062.15        41.1359
U               2006.94020951931        96.2425        97.7848      0.0101435        107.107        1.66994        117.982       0.790388        5772.08        44.8690        6341.10        42.4807
U               2006.95504422703        87.3817        88.7819     0.00968733        109.738        1.79354        120.688       0.831845        5306.88        42.5123        5821.79        40.1268
U               2006.95522209798        77.5326        78.7751     0.00975002        108.300        1.88656        119.477       0.882014        4671.29        40.1912        5140.19        37.9465
U               2006.95540740658        87.3382        88.7378     0.00981920        109.299        1.80349        120.963       0.832278        5277.10        42.6024        5825.33        40.0809
U               2006.96655407499        51.9490        52.7815     0.00990237        103.905        2.20224        114.423        1.07134        3069.07        33.1708        3370.61        31.5590
U               2006.96673811380        47.0299        47.7836     0.00947986        103.974        2.31753        114.545        1.12615        2778.52        31.5610        3053.09        30.0164
U               2006.96692062549        47.0191        47.7725     0.00966377        106.913        2.35897        116.897        1.12943        2827.59        31.3245        3083.74        29.7944
U               2006.96710502754        47.0299        47.7836     0.00994310        107.095        2.38244        117.759        1.13039        2822.79        31.3547        3095.75        29.7168
U               2006.96728756808        47.0299        47.7836      0.0100503        109.983        2.44406        120.752        1.13395        2862.08        31.1583        3134.17        29.4320
U               2006.97720673430        25.3664        25.7729      0.0100016        109.799        3.31851        120.466        1.54357        1542.99        22.8882        1688.52        21.6355
U               2006.97757896914        153.306        155.763     0.00985093        110.616        1.36811        121.803       0.628701        9340.86        56.2236        10259.7        52.9563
U               2006.97776577460        182.842        185.772     0.00977460        108.612        1.22413        119.296       0.574246        11056.4        61.6188        12112.9        58.3069
U               2006.97796379544        100.173        101.779     0.00997244        107.630        1.65431        118.999       0.775575        6010.66        45.7668        6628.15        43.1989
U               2006.97815676999        159.235        161.787      0.0101915        108.461        1.30205        118.660       0.614928        9642.50        57.4662        10521.3        54.5240
U               2006.97832788730        80.4862        81.7760      0.0100299        108.433        1.84782        119.359       0.865573        4857.95        40.9167        5333.42        38.6772
U               2006.97849281875        50.9609        51.7775      0.0100206        106.743        2.28399        117.481        1.08559        3052.45        32.6678        3350.57        30.9610
U               2006.97867260784        25.3773        25.7839      0.0100233        106.573        3.23978        117.505        1.53841        1517.47        23.0695        1668.67        21.8467
U               2006.97885653057        35.2046        35.7687     0.00984276        106.575        2.83167        119.846        1.30944        2084.12        27.2842        2337.50        25.5394
U               2006.97903954936        25.3664        25.7729      0.0102658        106.501        3.18115        116.005        1.53609        1525.68        23.0065        1657.29        21.9452
U               2006.97924356604        173.015        175.787     0.00982568        109.265        1.25158        119.085       0.590198        10534.5        59.7479        11451.9        56.7568
U               2006.98769658995        94.2662        95.7768      0.0137391        112.046        1.74862        122.514       0.802297        5805.81        43.8539        6326.27        41.4284
U               2006.98787920774        133.641        135.782      0.0129811        110.752        1.46635        121.936       0.673456        8154.67        52.4567        8948.29        49.4217
U               2006.98896669126        94.2662        95.7768      0.0101576        110.200        1.70764        119.970       0.800314        5767.33        43.9998        6262.20        41.7749
U               2006.98915929904        163.166        165.781      0.0110915        105.805        1.27262        116.952       0.606330        9712.49        58.6084        10703.8        55.4927
U               2006.98934364078        163.166        165.781      0.0114087        110.248        1.29992        120.118       0.608400        9984.02        57.8841        10845.8        54.9342
U               2006.99977105692        17.5046        17.7851      0.0107402        109.175        3.99836        120.333        1.85790        1059.53        19.0571        1164.56        17.9805
U               2006.99995635937        51.9490        52.7815      0.0102850        111.336        2.39586        123.572        1.08179        3162.38        32.7426        3500.74        30.6465
U               2007.00014357421        86.3935        87.7779      0.0103787        106.545        1.78196        118.686       0.834863        5139.15        42.6585        5708.95        40.1581
U               2007.00032606124        86.3934        87.7779      0.0104533        107.704        1.78078        119.002       0.835143        5188.04        42.4874        5716.43        40.1174
U               2007.00051050575        86.3935        87.7779      0.0104953        107.231        1.75445        117.657       0.833926        5195.13        42.4620        5684.41        40.2899
U               2007.01332350501        40.1345        40.7777      0.0106522        108.638        2.60528        119.083        1.22541        2430.22        28.8511        2656.50        27.3362
U               2007.01351043633        69.6490        70.7651      0.0106360        111.384        2.01428        121.475       0.932458        4279.92        37.7387        4655.02        35.7326
U               2007.01369329782        74.5790        75.7741      0.0108557        109.546        1.95407        121.151       0.900829        4513.87        39.3371        4978.07        37.0148
U               2007.01387781560        74.5898        75.7851      0.0110789        104.326        1.87734        116.287       0.896089        4390.53        39.8042        4879.19        37.5983
U               2007.01406019497        74.5899        75.7851      0.0110126        108.953        1.91465        119.343       0.899119        4525.11        39.2974        4942.37        37.2354
U               2007.01424282903        74.5790        75.7741      0.0111423        110.153        1.92187        120.046       0.899837        4560.51        39.1462        4955.89        37.1483
U               2007.01442713161        74.5790        75.7741      0.0109186        106.940        1.91082        118.516       0.898397        4456.61        39.5592        4924.77        37.3316
U               2007.03811476643        46.0418        46.7796      0.0104940        110.225        2.50177        121.845        1.14727        2795.36        30.8634        3081.76        29.0171
U               2007.03829762708        50.9609        51.7775      0.0106844        107.313        2.32470        119.088        1.08748        3048.26        32.6870        3373.15        30.8029
U               2007.03848165613        46.0418        46.7796      0.0106246        108.596        2.42718        118.899        1.14387        2789.06        30.8957        3045.17        29.2963
U               2007.03866457480        50.9609        51.7775      0.0111723        110.462        2.36362        121.454        1.09008        3106.38        32.4090        3405.70        30.5672
U               2007.03884709789        50.9609        51.7775      0.0115985        110.904        2.37767        122.077        1.09073        3110.89        32.3864        3414.14        30.5046
U               2007.03903113777        46.0418        46.7796      0.0107751        106.697        2.41802        117.976        1.14273        2751.30        31.0825        3033.47        29.3827
U               2007.03921405714        50.9609        51.7775      0.0108353        112.951        2.43774        124.740        1.09333        3132.06        32.2783        3449.57        30.2348
U               2007.03939657306        50.9717        51.7885      0.0107062        115.602        2.46420        126.538        1.09481        3181.78        32.0185        3473.65        30.0541
U               2007.03958853778        26.3654        26.7879      0.0133812        116.206        3.39541        126.095        1.52172        1658.53        22.9279        1793.81        21.6478
U               2007.06812729183        60.7990        61.7733      0.0109281        110.169        2.14056        120.493       0.997056        3711.18        35.3760        4047.53        33.4926
U               2007.06831044409        60.8099        61.7844      0.0107397        108.751        2.12946        119.606       0.996068        3677.90        35.5321        4033.66        33.5919
U               2007.06849778050        85.3619        86.7298      0.0110103        109.448        1.78526        119.311       0.840448        5202.70        41.9474        5655.40        39.8376
U               2007.06868100284        85.4054        86.7740      0.0104635        113.242        1.85712        123.755       0.843835        5283.96        41.6444        5759.37        39.2707
U               2007.06941307936        110.012        111.775      0.0111245        106.212        1.56991        118.116       0.739381        6540.93        48.1472        7252.40        45.3985
U               2007.06959923841        60.7990        61.7733      0.0106845        108.812        2.11788        119.186       0.995720        3685.83        35.4909        4025.98        33.6345
U               2007.06978637236        95.2543        96.7808      0.0105426        106.369        1.69408        118.491       0.794918        5661.91        44.8069        6289.39        42.1934
U               2007.07547961961        111.000        112.779      0.0108026        108.526        1.57115        119.279       0.737000        6708.98        48.0206        7352.99        45.4325
U               2007.07566214617        111.000        112.779      0.0105759        109.916        1.57785        120.084       0.737612        6770.97        47.8145        7377.27        45.3145
U               2007.07584656832        111.000        112.779      0.0106304        106.724        1.55537        117.884       0.735896        6637.12        48.2487        7310.42        45.6356
U               2007.07602908193        111.000        112.779      0.0106764        106.230        1.55156        117.530       0.735606        6616.48        48.3121        7299.50        45.6869
U               2007.07621230159        96.2425        97.7848      0.0109732        106.098        1.64395        116.407       0.788984        5757.84        44.9167        6298.81        42.6922
U               2007.07639562526        106.081        107.781      0.0106188        106.534        1.58669        117.604       0.752531        6339.24        47.1793        6978.20        44.6526
U               2007.07657854652        110.989        112.767      0.0108658        107.246        1.54931        117.738       0.735813        6673.42        48.1305        7305.21        45.6545
U               2007.07676098059        86.3935        87.7779      0.0106323        107.650        1.77516        118.733       0.834904        5191.61        42.4746        5710.07        40.1520
U               2007.08077401295        23.4118        23.7870      0.0110896        114.467        3.55062        124.287        1.61244        1461.02        21.7030        1582.02        20.5244
U               2007.08095905253        11.5973        11.7832      0.0121274        103.278        4.68581        114.685        2.26819        680.685        15.7125        753.343        14.8992
U               2007.08114195233        16.5164        16.7811      0.0109428        111.380        4.12473        121.256        1.91442        1015.92        18.3685        1102.91        17.4131
U               2007.08132597823        11.5973        11.7832      0.0109919        114.834        5.12699        125.672        2.29364        721.812        15.2972        787.794        14.3781
U               2007.08150888520        16.5055        16.7700      0.0115445        107.404        4.03592        118.160        1.90895        992.263        18.5621        1088.31        17.5823
U               2007.08169145078        16.5164        16.7811      0.0102975        111.602        4.13345        121.494        1.91486        1016.75        18.3609        1103.96        17.3995
U               2007.08187541831        11.5973        11.7832      0.0117678        104.793        4.60193        113.693        2.26537        693.522        15.5949        750.027        14.9445
U               2007.08205990535        11.5864        11.7721      0.0114566        106.746        4.75300        116.874        2.27515        696.087        15.5565        759.821        14.7912
U               2007.08224236988        11.5973        11.7831      0.0113092        105.229        4.77043        116.723        2.27369        687.294        15.6533        760.042        14.8052
U               2007.08242684696        11.5973        11.7831      0.0105715        110.669        5.06474        123.259        2.28892        702.752        15.5037        780.570        14.4952
U               2007.08260935204        11.5865        11.7721      0.0113247        106.541        4.73161        116.445        2.27402        696.006        15.5573        758.428        14.8111
U               2007.08279188667        11.5864        11.7721      0.0108086        106.306        4.72510        116.254        2.27352        694.964        15.5675        757.804        14.8200
U               2007.08297630414        11.5973        11.7832      0.0108392        106.111        4.75248        116.692        2.27361        693.040        15.5996        759.942        14.8066
U               2007.08315883980        11.5973        11.7832      0.0110578        107.147        4.76984        117.322        2.27524        697.944        15.5520        761.986        14.7773
U               2007.08334324205        11.5973        11.7832      0.0118586        110.841        5.02782        122.747        2.28785        705.593        15.4745        779.017        14.5199
U               2007.08354437938        106.081        107.781      0.0104794        110.264        1.64235        121.578       0.755635        6450.23        46.8143        7092.85        44.0837
U               2007.08372692433        106.070        107.770      0.0104152        106.924        1.58884        117.832       0.752760        6355.25        47.1240        6984.21        44.6180
U               2007.08906975911        14.5401        14.7731      0.0114470        112.160        4.43970        122.310        2.04243        896.699        17.2116        975.013        16.2816
U               2007.08925267075        19.4592        19.7710      0.0109738        105.997        3.78622        119.200        1.76007        1149.26        20.3041        1288.62        19.0273
U               2007.08943671618        14.5401        14.7731      0.0119392        107.952        4.35592        119.374        2.03652        874.096        17.4220        963.557        16.4383
U               2007.08961967818        19.4592        19.7710      0.0105309        110.242        3.79229        120.693        1.76276        1187.43        20.0165        1296.49        18.9356
U               2007.09016871745        14.5509        14.7841      0.0105867        110.316        4.45147        121.900        2.04088        883.994        17.3454        974.163        16.3097
U               2007.09035316074        14.5401        14.7731      0.0113587        110.337        4.41655        121.262        2.04039        886.079        17.3135        970.966        16.3378
U               2007.09053569689        14.5509        14.7841      0.0113715        110.776        4.48515        122.659        2.04233        884.986        17.3362        977.078        16.2688
U               2007.09072009089        14.5401        14.7731      0.0109911        104.720        4.17257        114.878        2.02617        864.274        17.5058        945.303        16.6729
U               2007.09090257653        14.5401        14.7731      0.0104725        104.726        4.30455        117.400        2.03217        854.899        17.5816        955.649        16.5421
U               2007.09108508069        14.5401        14.7731      0.0105111        104.982        4.21994        115.868        2.02859        862.655        17.5192        949.397        16.6218
U               2007.09420116346        14.5509        14.7841      0.0108350        107.055        4.27984        117.693        2.03207        873.497        17.4394        957.549        16.5330
U               2007.09456818643        14.5509        14.7841     0.00997995        104.175        4.18733        115.016        2.02576        859.700        17.5551        946.584        16.6720
U               2007.09475059502        14.5401        14.7731      0.0111274        110.246        4.45604        121.933        2.04171        882.769        17.3442        973.563        16.3018
U               2007.09493515320        14.5401        14.7731      0.0106198        108.756        4.32777        119.111        2.03596        881.278        17.3578        962.515        16.4522
U               2007.09639716722        110.022        111.786      0.0107376        109.710        1.61789        121.652       0.742028        6654.73        47.7930        7358.59        44.8843
U               2007.09655499281        105.103        106.788      0.0107038        110.362        1.62209        120.269       0.758162        6432.51        46.4526        6990.63        44.0681
U               2007.09692197352        105.093        106.777      0.0107806        110.336        1.64285        121.259       0.758945        6403.48        46.5497        7017.85        43.9238
U               2007.09710292386        85.4053        86.7739      0.0103251        108.593        1.78645        119.088       0.840037        5168.86        42.0966        5653.06        39.8763
U               2007.10278687068        101.151        102.772      0.0107985        105.066        1.61224        116.515       0.769700        5989.74        46.2435        6623.12        43.7525
U               2007.10297070736        96.2425        97.7848      0.0107898        104.782        1.65852        116.706       0.789257        5679.10        45.1704        6306.92        42.6521
U               2007.10314707852        30.2964        30.7819      0.0106803        111.863        3.07180        122.097        1.41465        1864.77        24.8693        2029.88        23.5187
U               2007.10333263832        45.0645        45.7866      0.0109794        104.145        2.40483        115.880        1.15230        2652.62        30.9389        2942.65        29.2615
U               2007.10351635478        59.8217        60.7804      0.0107108        103.909        2.04214        114.032       0.997872        3541.03        35.5683        3874.69        33.9065
U               2007.10370043711        79.4981        80.7720      0.0106720        107.154        1.85148        118.614       0.870249        4757.77        40.8166        5251.73        38.5310
U               2007.10519593993        14.5401        14.7731      0.0108962        93.2424        3.78804        103.705        1.99318        808.210        17.9001        895.920        17.2193
U               2007.11636350210        22.4128        22.7719      0.0109681        112.212        3.63673        123.644        1.64706        1374.90        21.4265        1510.77        20.1250
U               2007.11649210743        54.9026        55.7824      0.0109696        108.639        2.23269        119.272        1.04792        3322.08        33.7554        3636.82        31.9531
U               2007.11667574928        69.6599        70.7762      0.0106830        112.584        2.00401        121.515       0.932422        4325.88        37.5362        4656.49        35.7307
U               2007.11685992288        89.3471        90.7789      0.0108897        108.948        1.73002        118.458       0.820746        5440.44        42.9348        5898.54        40.8685
U               2007.11704429362        89.3471        90.7789      0.0106901        110.700        1.76406        120.598       0.822572        5477.19        42.7947        5950.58        40.5874
U               2007.11722687400        89.3471        90.7788      0.0108284        110.661        1.77672        121.148       0.823018        5462.61        42.8508        5963.76        40.5146
U               2007.11741128442        89.3579        90.7899      0.0109308        109.418        1.73638        118.915       0.821098        5453.89        42.8891        5910.46        40.8113
U               2007.11759547320        90.3244        91.7718      0.0109978        109.258        1.75974        120.343       0.817900        5471.46        43.2741        6009.46        40.8426
U               2007.11777795918        90.3244        91.7718      0.0109937        106.352        1.69875        116.573       0.814578        5412.80        43.4826        5915.72        41.3372
U               2007.12312997733        90.3244        91.7718      0.0105213        107.999        1.72623        118.391       0.816235        5453.19        43.3402        5961.39        41.1002
U               2007.12333072447        35.2154        35.7798      0.0105677        112.829        2.91456        124.214        1.31464        2166.69        26.8178        2378.96        25.1782
U               2007.12351374748        40.1454        40.7887      0.0107022        108.618        2.59534        118.785        1.22485        2433.56        28.8404        2653.93        27.3661
U               2007.12369771632        35.2263        35.7908      0.0102586        112.818        2.95905        125.409        1.31576        2156.06        26.8918        2390.53        25.0808
U               2007.12384470858        134.618        136.775      0.0105545        108.333        1.40729        118.125       0.668406        8161.61        52.8085        8874.87        50.2182
U               2007.12402720926        134.618        136.775      0.0106413        110.067        1.42617        119.774       0.669576        8234.11        52.5867        8935.67        49.9532
U               2007.12420975097        134.618        136.775      0.0107103        105.163        1.38970        116.090       0.666867        7993.23        53.2894        8798.34        50.5414
U               2007.12439416939        134.629        136.786      0.0106531        108.110        1.41436        118.453       0.668617        8134.46        52.8933        8887.76        50.1678
U               2007.12456720345        16.5164        16.7811      0.0105690        110.356        4.07436        119.928        1.91189        1012.22        18.4021        1097.02        17.4886
U               2007.13153980568        126.702        128.732      0.0105190        110.183        1.47508        120.082       0.690394        7747.60        51.0245        8420.78        48.4140
U               2007.13171086517        109.034        110.782      0.0107489        111.929        1.63617        122.938       0.746278        6691.41        47.2492        7329.53        44.4929
U               2007.13189337917        109.034        110.782      0.0109949        112.138        1.61836        122.157       0.745739        6726.49        47.1242        7307.08        44.6082
U               2007.13207820496        113.953        115.779      0.0107183        113.525        1.60175        123.569       0.730407        7073.81        48.0187        7679.01        45.3899
U               2007.13227638279        136.594        138.783      0.0103773        105.261        1.38324        116.329       0.662211        8109.09        53.6832        8936.75        50.8729
U               2007.13246045724        138.560        140.780      0.0108225        110.993        1.42255        121.034       0.660819        8500.95        53.2713        9244.35        50.4723
U               2007.14216577532        109.034        110.782      0.0107352        108.906        1.56672        118.475       0.742977        6635.90        47.4410        7198.76        45.1447
U               2007.14235020780        109.023        110.771      0.0105511        104.619        1.53172        115.262       0.740291        6462.83        47.9888        7099.95        45.6008
U               2007.14253271971        109.034        110.782      0.0107976        109.744        1.57001        118.932       0.743340        6673.91        47.3105        7212.43        45.0787
U               2007.14271523548        109.034        110.782      0.0105001        105.997        1.54535        116.414       0.741265        6515.98        47.8309        7136.21        45.4399
U               2007.14293257076        76.5553        77.7821     0.00983278        108.357        1.87099        118.332       0.886548        4637.51        39.8389        5051.39        37.8452
U               2007.14311361566        81.4853        82.7910      0.0106443        108.242        1.83153        119.087       0.860005        4916.04        41.1782        5393.58        38.9505
U               2007.14331888363        32.2619        32.7789      0.0105888        111.170        2.97529        121.815        1.37051        1975.81        25.7278        2159.15        24.2922
U               2007.14349239510        42.1000        42.7746      0.0101253        104.993        2.49357        116.309        1.19278        2493.01        29.8337        2754.18        28.2448
U               2007.14368428639        17.4937        17.7740     0.00991723        109.813        4.05307        121.594        1.86078        1059.14        19.0489        1169.75        17.9010
U               2007.23256833997        515.516        523.777     0.00998971        105.604       0.713334        116.582       0.340972        30667.5        104.202        33764.6        98.7523
U               2007.23275177150        535.203        543.780     0.00984446        104.199       0.692999        115.323       0.334145        31585.2        106.515        34863.4        101.016
U               2007.23293523239        515.516        523.777     0.00997357        105.192       0.710733        116.158       0.340804        30603.0        104.292        33703.0        98.8836
U               2009.02877475358        90.3136        91.7608      0.0103994        104.198        1.67597        114.796       0.812905        5342.76        43.7132        5869.48        41.5637
U               2009.02895725673        90.3353        91.7829      0.0108080        106.300        1.70672        116.935       0.814867        5402.20        43.5241        5925.59        41.2927
U               2009.02914179270        90.3244        91.7718      0.0106785        104.002        1.70537        116.157       0.814183        5302.62        43.8462        5905.12        41.3911
U               2009.02932431368        90.3244        91.7719      0.0104949        104.992        1.71479        116.901       0.814884        5335.72        43.7408        5924.01        41.2947
U               2009.02950686298        90.3353        91.7829      0.0106655        106.738        1.73147        118.231       0.816044        5394.26        43.5512        5958.12        41.1237
U               2009.16277737022        36.1819        36.7617     0.00995552        101.544        2.58323        111.982        1.27967        2111.31        27.8132        2321.86        26.5331
U               2009.16294407629        95.2435        96.7697      0.0100177        103.380        1.62194        114.040       0.790844        5607.88        44.9736        6169.17        42.7821
U               2009.16312805144        90.3244        91.7718      0.0102304        105.046        1.70204        116.310       0.814329        5351.55        43.6892        5909.02        41.3713
U               2009.16331099961        95.2543        96.7808     0.00978943        104.975        1.62222        114.553       0.791306        5681.98        44.7412        6183.96        42.7173
U               2009.16349664381        85.4053        86.7739      0.0100100        102.106        1.70140        113.115       0.834167        4986.71        42.7218        5509.02        40.6263
U               2011.43154120882        1015.96        1032.24      0.0263609        102.003       0.506474        115.383       0.242542        58953.9        147.677        66197.4        139.152
U               2012.14085627038        110.001        111.763     0.00998123        101.284        1.45344        110.342       0.732255        6448.19        48.4139        7005.25        46.4886
U               2012.14103718803        90.3244        91.7718      0.0102588        103.873        1.64003        112.947       0.810957        5369.27        43.6306        5821.89        41.8011
U               2012.46018064259        41.1118        41.7706      0.0501942        104.760        2.54120        117.169        1.20822        2447.17        29.4192        2699.44        27.8361
U               2012.46036704369        65.7290        66.7822      0.0477513        101.105        1.98190        114.919       0.953023        3811.54        37.5711        4274.04        35.4446
U               2012.46054634016        55.8691        56.7644      0.0490666        99.0954        2.12410        113.390        1.03172        3198.61        34.7877        3608.27        32.8313
U               2012.46073563624        139.526        141.762      0.0446748        97.8912        1.29690        110.062       0.649919        7996.31        54.9572        8873.78        52.4001
U               2012.46091339233        80.4319        81.7208      0.0531788        95.8039        1.68904        108.643       0.854224        4552.58        41.8880        5080.79        39.9485
U               2012.46109740038        75.5563        76.7671      0.0466609        94.4561        1.75341        108.783       0.881539        4206.45        40.7874        4776.04        38.7031
U               2013.12596834546        57.8454        58.7724     0.00963015        95.7437        1.96888        107.344        1.00529        3247.71        35.6063        3630.87        34.0035
U               2013.12614977579        124.769        126.768     0.00981256        95.9416        1.33275        106.901       0.684024        7033.65        52.2327        7814.38        50.0015
U               2013.12630413844        112.965        114.775      0.0104062        100.286        1.44507        110.668       0.722916        6548.36        49.2610        7205.08        47.0658
U               2013.12687787201        99.1853        100.775     0.00974707        100.084        1.55116        111.083       0.771948        5726.59        46.2225        6338.48        44.0479
