UVW2            2006.78147636665        569.341        591.777     0.00132893       0.285090      0.0238732       0.473659      0.0288112        183.188        13.5110        268.891        16.3558
UVW2            2006.78166026055        569.652        578.781     0.00127347       0.280633      0.0236413       0.463990      0.0285085        179.875        13.3887        263.562        16.1938
UVW2            2006.79062892887        315.704        320.763     0.00110941       0.290844      0.0320349       0.467707      0.0384474        101.453        10.0548        147.234        12.1032
UVW2            2006.79081429304        335.391        340.766     0.00103669       0.311288      0.0319478       0.470396      0.0374088        113.906        10.6530        157.312        12.5104
UVW2            2006.79649949080        527.312        535.762     0.00103597       0.266087      0.0237299       0.443722      0.0289779        155.344        12.4438        233.344        15.2389
UVW2            2006.80164445700        329.484        334.764     0.00125393       0.252777      0.0296513       0.420347      0.0356826        94.7190        9.71717        138.141        11.7266
UVW2            2006.80183466292        168.034        170.727     0.00155917       0.299418      0.0453370       0.479922      0.0533820        57.5470        7.57186        80.4060        8.94361
UVW2            2006.80201147569        325.555        330.772     0.00123158       0.309121      0.0325997       0.519906      0.0399132        111.609        10.5448        168.719        12.9526
UVW2            2006.80786478356        55.2936        56.1796     0.00110665       0.228023      0.0686394       0.364364      0.0811068        14.3090        3.77741        20.1020        4.47467
UVW2            2006.80804671996        91.4538        92.9193    0.000974606       0.248866      0.0551265       0.468928      0.0715272        25.1970        5.01215        42.7620        6.52264
UVW2            2006.80971359704        128.704        130.766     0.00135438       0.260067      0.0482841       0.453726      0.0593111        38.2970        6.17845        58.2340        7.61235
UVW2            2006.81262716984        547.010        555.776     0.00107210       0.316715      0.0252502       0.466733      0.0291782        189.297        13.7327        254.578        15.9151
UVW2            2006.82083661100        170.142        172.869    0.000788793       0.348445      0.0467641       0.415233      0.0493531        62.9220        7.91640        70.4690        8.37568
UVW2            2006.83182909464        92.2828        93.7616    0.000752863       0.297668      0.0589131       0.416057      0.0670795        29.3590        5.40903        38.2970        6.17450
UVW2            2006.83201258001        111.971        113.765    0.000771399       0.385503      0.0604208       0.442583      0.0628046        45.4840        6.72929        49.4220        7.01321
UVW2            2006.83219609632        92.2952        93.7742    0.000717496       0.279240      0.0570847       0.397620      0.0655749        27.5780        5.24295        36.6090        6.03749
UVW2            2006.83237953832        111.981        113.776    0.000975922       0.281523      0.0526636       0.420655      0.0612293        34.5310        5.86646        46.9840        6.83886
UVW2            2006.83256258126        102.122        103.758    0.000838838       0.327910      0.0588058       0.443236      0.0658119        35.8120        5.97291        45.1410        6.70256
UVW2            2006.83274507933        102.132        103.768    0.000865282       0.332751      0.0592593       0.425040      0.0644464        36.3910        6.02081        43.2970        6.56488
UVW2            2006.84025811765        103.409        105.066    0.000748966       0.271518      0.0533100       0.388054      0.0612024        30.1960        5.48637        40.0330        6.31385
UVW2            2006.84044158187        44.3804        45.0915    0.000917496       0.292342      0.0848736       0.410131      0.0960385        14.0930        3.74759        18.1560        4.25151
UVW2            2006.84338291876        178.906        181.773    0.000844519       0.353414      0.0460282       0.482388      0.0518670        67.2970        8.18670        86.0470        9.25190
UVW2            2006.84356632321        198.582        201.764    0.000851294       0.301388      0.0405617       0.400142      0.0448463        64.4690        8.01509        79.2660        8.88383
UVW2            2006.85368032743        138.563        140.784     0.00121143       0.273563      0.0472336       0.395065      0.0533464        42.5470        6.51192        54.6090        7.37396
UVW2            2006.85386474711        138.541        140.761     0.00126480       0.349896      0.0529000       0.506723      0.0604056        53.2660        7.28311        69.9840        8.34267
UVW2            2006.86636115669        118.269        120.773     0.00185913       0.223827      0.0484651       0.437530      0.0607757        32.6250        5.70535        51.6410        7.17327
UVW2            2006.86654545322        118.260        120.765     0.00185487       0.247949      0.0505233       0.451223      0.0617202        35.4530        5.94690        53.2500        7.28375
UVW2            2006.86672800256        118.268        120.772     0.00187583       0.226049      0.0486820       0.376661      0.0563963        32.9530        5.73390        44.4690        6.65820
UVW2            2006.86691147508        137.853        140.773     0.00190818       0.303982      0.0510799       0.498055      0.0600543        49.2340        7.00639        68.5000        8.25956
UVW2            2006.86709303841        79.1042        80.7795     0.00185475       0.268397      0.0638461       0.474115      0.0773525        25.3280        5.02607        37.4220        6.10545
UVW2            2006.87663390047        111.417        113.776     0.00165415       0.352593      0.0600095       0.530707      0.0689510        44.3910        6.65174        58.9840        7.66338
UVW2            2006.87700143837        98.6823        100.772     0.00184923       0.180306      0.0486594       0.335883      0.0583061        22.9220        4.78312        33.0940        5.74481
UVW2            2006.87718402240        98.6815        100.771     0.00207533       0.256790      0.0566935       0.492443      0.0705795        31.0620        5.56612        48.4840        6.94898
UVW2            2006.87736843073        98.6821        100.772     0.00227174       0.183682      0.0502628       0.409281      0.0643538        24.4220        4.93684        40.3120        6.33851
UVW2            2006.87755091984        98.6811        100.771     0.00197016       0.325147      0.0622763       0.512654      0.0720108        37.5000        6.11416        50.4690        7.08921
UVW2            2006.87773534201        98.6824        100.772     0.00194264       0.366779      0.0655389       0.585533      0.0769488        41.5000        6.43091        57.6250        7.57288
UVW2            2006.88653927272        39.9327        40.7784     0.00193652       0.260954      0.0891444       0.489030       0.110567        12.5780        3.54196        19.4840        4.40521
UVW2            2006.88672181052        39.9326        40.7783     0.00199538       0.335400      0.0993207       0.555489       0.117827        15.6090        3.94447        22.1250        4.69300
UVW2            2006.88690433250        39.9247        40.7702     0.00193584       0.604741       0.128884       0.797794       0.141158        26.2340        5.10807        31.7340        5.61487
UVW2            2006.88708876860        39.9321        40.7778     0.00195622       0.411485       0.108350       0.546460       0.116868        18.5940        4.30382        21.7660        4.65495
UVW2            2006.88727125440        39.9224        40.7678     0.00189350       0.205285      0.0807163       0.416839       0.102106        10.3120        3.20782        16.6090        4.06844
UVW2            2006.88745571634        39.9316        40.7772     0.00177210       0.366781       0.102409       0.527188       0.114793        16.6090        4.06844        21.0000        4.57266
UVW2            2006.88892154773        39.9238        40.7693     0.00201478       0.252879      0.0883279       0.476962       0.109208        12.3440        3.50894        19.0000        4.35037
UVW2            2006.88910501935        59.4681        60.7275     0.00204171       0.306389      0.0784256       0.468175      0.0886542        21.6090        4.64160        27.7810        5.26064
UVW2            2006.89588109297        181.858        184.772     0.00161883       0.312707      0.0445192       0.483954      0.0515276        65.0000        8.04660        87.7500        9.34293
UVW2            2006.89606363145        181.859        184.773     0.00167110       0.361931      0.0475471       0.468220      0.0506848        74.2190        8.59594        84.9060        9.19106
UVW2            2006.89624705773        161.193        163.776     0.00179774       0.263544      0.0442693       0.406682      0.0501808        50.5470        7.09753        65.3910        8.06864
UVW2            2006.89642861780        142.483        144.766     0.00141278       0.304846      0.0492998       0.419550      0.0542101        49.0000        6.98692        59.6250        7.70416
UVW2            2006.90556547441        355.078        360.768    0.000928901       0.356672      0.0329119       0.469424      0.0363195        135.578        11.6196        166.203        12.8592
UVW2            2006.90573970137        289.132        293.765    0.000881380       0.334181      0.0353157       0.440490      0.0389914        103.547        10.1560        127.016        11.2432
UVW2            2006.91654655512        332.451        337.778    0.000749934       0.306379      0.0314532       0.407517      0.0349777        108.641        10.4046        135.141        11.5993
UVW2            2006.91673093079        332.448        337.776    0.000733360       0.323250      0.0322382       0.448245      0.0366806        114.047        10.6594        148.609        12.1609
UVW2            2006.94003720411        365.884        371.748     0.00111843       0.268883      0.0287247       0.398726      0.0329804        109.703        10.4569        145.531        12.0375
UVW2            2006.94022078214        385.594        391.773     0.00111316       0.318399      0.0301904       0.447130      0.0340168        134.531        11.5768        171.938        13.0807
UVW2            2006.95505443840        351.138        356.765    0.000841234       0.352112      0.0327978       0.492389      0.0374033        131.594        11.4481        172.375        13.0941
UVW2            2006.95523123043        311.773        316.769    0.000784898       0.316897      0.0330490       0.427107      0.0369752        105.453        10.2502        132.812        11.4977
UVW2            2006.95541763770        351.149        356.776    0.000826141       0.313911      0.0310686       0.470754      0.0365737        118.094        10.8472        164.828        12.8058
UVW2            2006.96656026704        208.409        211.748    0.000782545       0.327930      0.0410639       0.421841      0.0449453        72.7660        8.51411        87.6880        9.34277
UVW2            2006.96674376428        188.742        191.766    0.000739647       0.301512      0.0414110       0.401833      0.0460975        60.7030        7.77760        75.6560        8.67910
UVW2            2006.96692625867        188.742        191.767    0.000768499       0.330553      0.0432931       0.439363      0.0481978        66.3120        8.12767        82.7030        9.07246
UVW2            2006.96711066283        188.753        191.778    0.000694184       0.327662      0.0429837       0.439172      0.0481859        65.3750        8.07026        82.6720        9.07077
UVW2            2006.96729321699        188.753        191.778    0.000683573       0.243205      0.0373537       0.321157      0.0412176        49.4530        7.02227        60.5000        7.76463
UVW2            2006.97720289861        25.3609        25.7673    0.000792997       0.243633       0.102586       0.316059       0.111552        6.73400        2.59125        8.00000        2.82358
UVW2            2006.97755860289        153.309        155.766    0.000749158       0.336232      0.0483875       0.453063      0.0543038        54.6410        7.37764        69.2660        8.30218
UVW2            2006.97774157922        182.835        185.765    0.000732063       0.302866      0.0421478       0.396726      0.0465382        59.0160        7.66871        72.3590        8.48811
UVW2            2006.97795031200        100.155        101.760    0.000789449       0.207194      0.0479790       0.359616      0.0598708        22.9380        4.78340        35.9380        5.98314
UVW2            2006.97813563497        159.219        161.770    0.000759128       0.308047      0.0455900       0.428405      0.0518193        52.3280        7.22089        68.0310        8.22894
UVW2            2006.97831691966        80.4673        81.7568    0.000713804       0.248748      0.0579168       0.348713      0.0657759        21.5940        4.64016        28.0000        5.28150
UVW2            2006.97848565212        50.9434        51.7598    0.000766607       0.256770      0.0740578       0.338391      0.0814364        14.1560        3.75677        17.2030        4.14004
UVW2            2006.97866878874        25.3596        25.7660    0.000825712       0.288399       0.111024       0.316075       0.111558        7.89100        2.80434        8.00000        2.82358
UVW2            2006.97885145110        35.2076        35.7718    0.000937116       0.299792      0.0965419       0.499918       0.119020        11.4530        3.37825        17.5470        4.17756
UVW2            2006.97903572432        25.3483        25.7545    0.000550400       0.562553       0.151428       0.673431       0.162735        14.5940        3.80825        17.0000        4.10807
UVW2            2006.97922063014        172.997        175.769    0.000719498       0.321112      0.0445145       0.416987      0.0490473        58.9220        7.66186        71.9530        8.46334
UVW2            2006.98768387479        94.2367        95.7468    0.000874626       0.314454      0.0601288       0.446248      0.0687418        31.8750        5.63542        41.9380        6.46029
UVW2            2006.98786138913        133.623        135.765    0.000769412       0.294074      0.0487160       0.410181      0.0553511        42.0940        6.47688        54.6720        7.37761
UVW2            2006.98895392838        94.2485        95.7588    0.000764342       0.362205      0.0639759       0.510891      0.0735365        36.0620        5.99268        48.0000        6.90902
UVW2            2006.98913758923        163.147        165.762    0.000817106       0.351531      0.0480196       0.451862      0.0525714        60.9530        7.79139        73.5160        8.55315
UVW2            2006.98932199704        163.148        165.762    0.000748274       0.312467      0.0453250       0.450604      0.0524983        54.2810        7.35424        73.3120        8.54133
UVW2            2006.99977338574        71.6287        72.7765    0.000773379       0.267034      0.0636533       0.414645      0.0760098        20.6410        4.53612        29.6250        5.43065
UVW2            2006.99996256926        209.386        212.741    0.000823959       0.266016      0.0372686       0.443047      0.0459512        60.4220        7.76097        92.5160        9.59542
UVW2            2007.00015367875        347.206        352.770    0.000929077       0.385443      0.0345298       0.552061      0.0398230        142.469        11.9094        191.031        13.7800
UVW2            2007.00033618047        347.206        352.770    0.000974878       0.351707      0.0331408       0.524474      0.0388178        131.266        11.4336        181.516        13.4345
UVW2            2007.00052060875        347.110        352.672    0.000970133       0.340871      0.0326534       0.477154      0.0370345        127.484        11.2683        165.141        12.8175
UVW2            2007.01332836064        159.205        161.757    0.000868101       0.325841      0.0470240       0.465451      0.0540108        55.6250        7.44406        73.8910        8.57430
UVW2            2007.01351862954        278.317        282.777    0.000751127       0.356448      0.0369120       0.448847      0.0401162        104.828        10.2176        124.578        11.1343
UVW2            2007.01370201755        297.016        301.776    0.000897722       0.292838      0.0328152       0.453677      0.0390408        94.2660        9.69232        134.375        11.5635
UVW2            2007.01388653340        297.016        301.775    0.000797498       0.321246      0.0340997       0.455052      0.0390998        101.828        10.0722        134.781        11.5809
UVW2            2007.01406891279        297.017        301.777    0.000938815       0.305309      0.0335048       0.448438      0.0388151        98.2970        9.89665        132.828        11.4971
UVW2            2007.01425155001        297.007        301.766    0.000923928       0.280935      0.0322242       0.411646      0.0371926        90.9690        9.52189        121.953        11.0186
UVW2            2007.01443584994        297.016        301.775    0.000973841       0.350109      0.0357357       0.458228      0.0392357        111.859        10.5547        135.719        11.6209
UVW2            2007.03812030225        183.823        186.769     0.00114674     -0.0324516     0.00557741        0.00000     0.00544001        0.00000        1.00000        0.00000        1.00000
UVW2            2007.03830373976        203.511        206.772     0.00120553     -0.0341164     0.00505790        0.00000     0.00491375        0.00000        1.00000        0.00000        1.00000
UVW2            2007.03848722867        183.824        186.770     0.00138761     -0.0392619     0.00560574        0.00000     0.00543997        0.00000        1.00000        0.00000        1.00000
UVW2            2007.03867065550        203.500        206.761     0.00114847     -0.0325054     0.00505145        0.00000     0.00491400        0.00000        1.00000        0.00000        1.00000
UVW2            2007.03885320920        203.512        206.773    0.000996160     -0.0282197     0.00503336        0.00000     0.00491371        0.00000        1.00000        0.00000        1.00000
UVW2            2007.03903666310        183.824        186.769     0.00105319     -0.0249506     0.00556886      0.0422580      0.0151604       0.891000        1.00000        7.76600        2.78612
UVW2            2007.03922012157        203.511        206.772     0.00102514     -0.0289929     0.00503644        0.00000     0.00491375        0.00000        1.00000        0.00000        1.00000
UVW2            2007.03940269992        203.512        206.773     0.00107763     -0.0304909     0.00504272        0.00000     0.00491372        0.00000        1.00000        0.00000        1.00000
UVW2            2007.03959183383        105.086        106.770     0.00111358     -0.0314690     0.00964977        0.00000     0.00951598        0.00000        1.00000        0.00000        1.00000
UVW2            2007.05547852900        562.757        571.775    0.000819161       0.310249      0.0243860       0.397593      0.0265553        187.172        13.6564        223.203        14.9078
UVW2            2007.05566264247        543.058        551.761    0.000883127       0.311304      0.0249344       0.417228      0.0276908        182.141        13.4714        226.000        14.9993
UVW2            2007.05584674719        546.988        555.754    0.000871561       0.292159      0.0241146       0.396998      0.0269152        172.875        13.1256        216.625        14.6865
UVW2            2007.05603405318        487.950        495.770    0.000838211       0.285307      0.0252171       0.398361      0.0285458        150.422        12.2441        193.906        13.8949
UVW2            2007.06813450177        241.897        245.773    0.000797107       0.314666      0.0374088       0.403808      0.0408186        81.3750        9.00432        97.4380        9.84946
UVW2            2007.06831761958        242.873        246.765    0.000660204       0.334717      0.0382157       0.417371      0.0414136        85.6090        9.23479        101.109        10.0325
UVW2            2007.06850774170        341.310        346.779    0.000715118       0.308663      0.0310982       0.391623      0.0338422        111.984        10.5634        133.344        11.5229
UVW2            2007.06869094482        340.311        345.764    0.000709983       0.330922      0.0321899       0.466856      0.0369977        119.109        10.8929        158.422        12.5547
UVW2            2007.06942583518        438.747        445.777    0.000728277       0.309968      0.0275048       0.421463      0.0309629        144.656        12.0058        184.438        13.5498
UVW2            2007.06960644799        242.874        246.766    0.000766034       0.353220      0.0393713       0.458058      0.0433811        90.7970        9.50939        110.938        10.5066
UVW2            2007.06979749392        380.673        386.773    0.000866521       0.312625      0.0298206       0.422553      0.0332837        128.000        11.2930        160.438        12.6374
UVW2            2007.07549248961        444.655        451.781    0.000898706       0.275218      0.0260607       0.418249      0.0306392        133.328        11.5280        185.500        13.5890
UVW2            2007.07567501649        444.654        451.780    0.000901559       0.311803      0.0276097       0.467784      0.0323990        149.547        12.2066        207.406        14.3651
UVW2            2007.07585945474        444.655        451.780    0.000856406       0.296426      0.0269119       0.423655      0.0308362        142.203        11.9042        187.891        13.6759
UVW2            2007.07604195191        444.654        451.780    0.000902091       0.295745      0.0269296       0.384386      0.0293750        142.516        11.9172        170.516        13.0310
UVW2            2007.07622351828        385.594        391.773     0.00106780       0.342045      0.0311466       0.489186      0.0355771        143.094        11.9381        188.062        13.6772
UVW2            2007.07640793693        424.968        431.778     0.00104531       0.341222      0.0296111       0.485191      0.0337505        157.109        12.5091        205.578        14.3003
UVW2            2007.07659144832        444.622        451.747    0.000914140       0.348959      0.0290968       0.456262      0.0319996        166.188        12.8652        202.297        14.1879
UVW2            2007.07677111783        346.218        351.766    0.000867713       0.304061      0.0308788       0.439581      0.0355954        113.469        10.6332        151.781        12.2906
UVW2            2007.08077707194        95.2467        96.7730    0.000688005       0.346721      0.0621413       0.462618      0.0696165        34.7810        5.88584        43.9380        6.61195
UVW2            2007.08096074194        47.0239        47.7775    0.000830496       0.328163      0.0867187       0.518661       0.104894        16.4840        4.05232        24.3120        4.91686
UVW2            2007.08114415231        66.6984        67.7672    0.000866965       0.239458      0.0630719       0.420886      0.0793584        17.5620        4.18471        28.0000        5.27943
UVW2            2007.08132763600        47.0136        47.7670     0.00109653       0.290514      0.0828714       0.405145      0.0927424        15.0780        3.87627        19.0000        4.34932
UVW2            2007.08151111404        66.6994        67.7683    0.000819373       0.537591      0.0918992       0.601923      0.0948620        37.2660        6.08604        40.0000        6.30393
UVW2            2007.08169368121        66.7003        67.7691    0.000779985       0.397627      0.0795056       0.511344      0.0874518        27.9060        5.27060        34.0000        5.81479
UVW2            2007.08187704793        47.0240        47.7775    0.000755395       0.361796      0.0904333       0.435109      0.0960933        17.9690        4.23018        20.4060        4.50665
UVW2            2007.08206154858        47.0112        47.7646    0.000866250       0.426939      0.0982184       0.525845       0.105630        21.1560        4.58831        24.6410        4.94982
UVW2            2007.08224401261        47.0129        47.7662    0.000758761       0.162331      0.0626571       0.303332      0.0802676        8.62500        2.93391        14.2340        3.76659
UVW2            2007.08242849161        47.0240        47.7776    0.000792918       0.345796      0.0886931       0.471526       0.100025        17.2660        4.14695        22.1090        4.69000
UVW2            2007.08261100980        47.0232        47.7768    0.000817023       0.337727      0.0877678       0.428766      0.0953926        16.9220        4.10559        20.1090        4.47388
UVW2            2007.08279354705        47.0122        47.7655    0.000935000       0.229215      0.0738336       0.255654      0.0736986        12.0000        3.45930        12.0000        3.45930
UVW2            2007.08297796295        47.0130        47.7663    0.000768458       0.237310      0.0743398       0.298336      0.0796046        12.1560        3.48165        14.0000        3.73560
UVW2            2007.08316049774        47.0234        47.7769    0.000741607       0.317653      0.0850888       0.500285       0.103024        15.8750        3.97704        23.4530        4.82970
UVW2            2007.08334490084        47.0112        47.7646    0.000784823       0.366670      0.0912089       0.554945       0.108506        18.2190        4.25938        26.0000        5.08369
UVW2            2007.08355672318        424.966        431.776    0.000873528       0.310265      0.0281300       0.399797      0.0306431        142.016        11.8954        169.484        12.9904
UVW2            2007.08373923671        424.958        431.768    0.000893093       0.319042      0.0285257       0.437354      0.0320476        145.922        12.0573        185.359        13.5824
UVW2            2007.08907173606        57.8389        58.7658    0.000912663       0.294826      0.0745924       0.385322      0.0815469        18.5000        4.29369        22.2340        4.70544
UVW2            2007.08925519012        77.5368        78.7793    0.000865264       0.398084      0.0740039       0.531517      0.0826913        32.6560        5.70146        41.0780        6.39075
UVW2            2007.08943869155        57.8492        58.7762    0.000869871       0.488561      0.0944084       0.586330       0.100536        29.5780        5.42345        33.7970        5.79505
UVW2            2007.08962219667        77.5258        78.7681     0.00111124       0.272491      0.0627532       0.412597      0.0728815        23.5000        4.83970        31.9060        5.63590
UVW2            2007.09017067885        57.8393        58.7662     0.00101355       0.370755      0.0833011       0.502938      0.0931387        23.0310        4.78868        29.0000        5.37049
UVW2            2007.09035513998        57.8290        58.7557    0.000941955       0.171961      0.0587058       0.255185      0.0663886        11.4690        3.38294        14.7340        3.83318
UVW2            2007.09053767348        57.8490        58.7760    0.000872003       0.197328      0.0621027       0.381191      0.0811023        12.8120        3.57508        22.0000        4.68072
UVW2            2007.09072206485        57.8487        58.7757     0.00108460       0.407162      0.0871893       0.503395      0.0931733        25.2500        5.01302        29.0310        5.37334
UVW2            2007.09090455223        57.8482        58.7752    0.000872253       0.287588      0.0736422       0.433316      0.0864597        18.0160        4.23734        25.0000        4.98826
UVW2            2007.09108705521        57.8395        58.7664     0.00101952       0.231041      0.0671534       0.329159      0.0753796        15.0000        3.86753        19.0000        4.35112
UVW2            2007.09420317170        57.8384        58.7653    0.000907814       0.391521      0.0851678       0.563578      0.0985805        24.0470        4.89269        32.4840        5.68207
UVW2            2007.09457016529        58.8367        59.7796    0.000906575       0.352154      0.0803595       0.538481      0.0955452        22.1560        4.69738        31.5780        5.60303
UVW2            2007.09475257356        58.8280        59.7707    0.000948709       0.411726      0.0865351       0.511564      0.0931394        25.7190        5.05934        30.0000        5.46204
UVW2            2007.09493714533        58.8254        59.7681    0.000957786       0.313025      0.0762250       0.460283      0.0883605        19.9530        4.45864        27.0000        5.18319
UVW2            2007.09640377601        58.7513        59.6928    0.000936521       0.274560      0.0717580       0.432524      0.0857143        17.6410        4.19327        25.3440        5.02248
UVW2            2007.09656727474        422.013        428.776    0.000769479       0.309504      0.0280741       0.418082      0.0314441        139.438        11.7872        175.984        13.2358
UVW2            2007.09693422049        422.002        428.765    0.000752834       0.313591      0.0282284       0.425203      0.0317106        140.953        11.8508        178.969        13.3471
UVW2            2007.09711292965        343.276        348.777    0.000768626       0.276131      0.0295182       0.397928      0.0340152        102.000        10.0832        136.266        11.6481
UVW2            2007.10279865562        405.279        411.774    0.000708536       0.298162      0.0280729       0.395169      0.0311968        128.641        11.3224        159.766        12.6128
UVW2            2007.10298195342        385.594        391.773    0.000784960       0.284367      0.0282540       0.404195      0.0323456        117.906        10.8404        155.469        12.4414
UVW2            2007.10315080545        119.843        121.763    0.000792118       0.271507      0.0496204       0.381599      0.0563776        35.1410        5.91854        45.6250        6.74065
UVW2            2007.10333801769        178.904        181.771    0.000818529       0.322104      0.0440164       0.418548      0.0483207        61.6090        7.83445        74.6880        8.62261
UVW2            2007.10352341874        237.954        241.768    0.000758096       0.351140      0.0396552       0.462795      0.0440528        88.4060        9.38346        109.812        10.4528
UVW2            2007.10370972847        316.704        321.779    0.000758001       0.333829      0.0335562       0.421830      0.0364594        112.219        10.5729        133.250        11.5170
UVW2            2007.10519793069        58.8271        59.7698    0.000848388       0.325802      0.0773123       0.493133      0.0914509        20.5160        4.52087        28.9220        5.36354
UVW2            2007.11636635187        89.3524        90.7843    0.000703330       0.374652      0.0665793       0.454347      0.0712320        35.1560        5.91657        40.4840        6.34703
UVW2            2007.11649869437        222.210        225.771     0.00105830       0.317523      0.0396419       0.473336      0.0461018        76.9840        8.75753        104.875        10.2146
UVW2            2007.11668397606        281.260        285.767    0.000973349       0.316259      0.0350310       0.410965      0.0381880        96.4530        9.80275        115.297        10.7137
UVW2            2007.11687037111        359.999        365.768    0.000964807       0.347340      0.0323341       0.472812      0.0362000        134.484        11.5732        169.719        12.9942
UVW2            2007.11705477980        360.011        365.780    0.000950846       0.287728      0.0296344       0.447131      0.0352048        112.953        10.6098        160.531        12.6394
UVW2            2007.11723732904        360.009        365.778    0.000839796       0.316639      0.0308146       0.432820      0.0346380        122.219        11.0349        155.406        12.4369
UVW2            2007.11742173806        359.998        365.767    0.000893150       0.327417      0.0313755       0.469104      0.0360582        126.609        11.2306        168.391        12.9436
UVW2            2007.11760602245        362.952        368.768    0.000756162       0.257722      0.0277826       0.360002      0.0314673        101.078        10.0385        130.375        11.3959
UVW2            2007.11778853853        362.954        368.770    0.000787783       0.353657      0.0322508       0.457694      0.0354726        136.062        11.6408        165.656        12.8388
UVW2            2007.12314053813        362.952        368.768    0.000773379       0.293810      0.0295470       0.390318      0.0327631        114.297        10.6727        141.328        11.8630
UVW2            2007.12333502404        141.505        143.773    0.000808476       0.385050      0.0538135       0.499744      0.0593574        57.5470        7.56921        70.5000        8.37369
UVW2            2007.12351860262        161.184        163.767    0.000762176       0.280728      0.0433898       0.384200      0.0487781        48.6090        6.96059        61.7810        7.84372
UVW2            2007.12370204456        141.494        143.762    0.000822068       0.334319      0.0503803       0.453575      0.0565575        50.4530        7.08926        64.0000        7.98033
UVW2            2007.12386026063        540.083        548.738    0.000823053       0.339747      0.0259817       0.449403      0.0288156        195.531        13.9557        242.047        15.5200
UVW2            2007.12404280935        540.115        548.770    0.000843242       0.321831      0.0253498       0.425207      0.0280299        186.219        13.6206        229.062        15.0999
UVW2            2007.12422535563        540.116        548.772    0.000852983       0.310995      0.0249525       0.387033      0.0267445        180.562        13.4129        208.547        14.4109
UVW2            2007.12440972282        540.115        548.770    0.000850806       0.299656      0.0245280       0.388807      0.0268056        174.438        13.1843        209.500        14.4436
UVW2            2007.12456943508        67.6871        68.7718     0.00100283       0.240949      0.0632166       0.375054      0.0743720        18.1880        4.25851        25.3280        5.02246
UVW2            2007.13155447130        508.615        516.766    0.000820730       0.284763      0.0246607       0.407668      0.0282840        156.266        12.4798        206.828        14.3497
UVW2            2007.13172351368        436.771        443.770    0.000760449       0.313946      0.0277774       0.453766      0.0321977        146.109        12.0656        197.641        14.0239
UVW2            2007.13190604116        436.761        443.760    0.000769308       0.313945      0.0277846       0.441365      0.0317559        146.219        12.0701        192.250        13.8323
UVW2            2007.13209140794        456.457        463.772    0.000752914       0.273858      0.0254845       0.408749      0.0298957        134.391        11.5742        186.109        13.6119
UVW2            2007.13229218129        547.010        555.776    0.000813013       0.308985      0.0246825       0.404072      0.0271530        181.141        13.4346        220.484        14.8162
UVW2            2007.13247644401        554.872        563.764    0.000838502       0.360769      0.0263867       0.497294      0.0299020        212.688        14.5534        275.094        16.5413
UVW2            2007.14217845074        438.747        445.778    0.000821832       0.307080      0.0274969       0.426187      0.0311356        144.547        12.0012        186.500        13.6249
UVW2            2007.14236288497        438.736        445.767    0.000906149       0.353772      0.0294723       0.468597      0.0326451        165.984        12.8570        205.000        14.2815
UVW2            2007.14254539726        438.748        445.779    0.000885900       0.316056      0.0279475       0.451823      0.0320563        149.250        12.1942        197.688        14.0257
UVW2            2007.14272791666        438.735        445.766    0.000926030       0.285699      0.0267169       0.393232      0.0299103        136.516        11.6643        172.109        13.0911
UVW2            2007.14294157402        305.877        310.778    0.000905902       0.316851      0.0335297       0.421910      0.0371026        104.484        10.2028        128.719        11.3195
UVW2            2007.14332176204        61.2583        62.2400    0.000897864       0.287556      0.0716326       0.410413      0.0817726        19.1250        4.36580        25.0780        4.99665
UVW2            2007.14349751907        171.020        173.761    0.000955449       0.292179      0.0432872       0.383535      0.0473136        54.4690        7.36754        65.4380        8.07255
UVW2            2007.14368666067        72.6179        73.7816    0.000845589       0.288127      0.0657218       0.467824      0.0801752        22.5940        4.74528        33.8750        5.80546
UVW2            2007.21864125099        1591.57        1617.07    0.000794777       0.304361      0.0143576       0.412327      0.0160800        518.753        22.7358        654.588        25.5277
UVW2            2007.21882377055        1591.66        1617.16    0.000780298       0.330414      0.0149147       0.452229      0.0168380        559.515        23.6089        717.799        26.7261
UVW2            2007.21900723859        1533.00        1557.56    0.000782440       0.311034      0.0147761       0.435684      0.0168410        509.506        22.5315        666.119        25.7483
UVW2            2007.21937324614        1591.39        1616.90    0.000791314       0.315191      0.0145958       0.433044      0.0164791        535.803        23.1051        687.315        26.1551
UVW2            2007.21953675642        1709.57        1736.97    0.000815552       0.303986      0.0138590       0.417953      0.0156204        557.599        23.5717        712.690        26.6358
UVW2            2007.21974018225        1591.87        1617.38    0.000757105       0.280078      0.0137941       0.433097      0.0164776        478.642        21.8421        687.606        26.1607
UVW2            2009.02878527097        361.960        367.760    0.000894333       0.271929      0.0287206       0.415768      0.0338586        107.304        10.3421        150.108        12.2242
UVW2            2009.02896778198        361.971        367.771    0.000858378       0.261984      0.0281775       0.383998      0.0325412        103.355        10.1506        138.669        11.7513
UVW2            2009.02915231638        361.971        367.771    0.000841288       0.280398      0.0290549       0.423675      0.0341779        109.818        10.4621        152.960        12.3393
UVW2            2009.02933483124        361.938        367.738    0.000929622       0.289696      0.0296051       0.397914      0.0331260        114.074        10.6623        143.669        11.9603
UVW2            2009.02951738333        361.971        367.771    0.000892540       0.316092      0.0307753       0.452459      0.0353174        123.181        11.0782        163.323        12.7484
UVW2            2009.16278177464        145.444        147.775    0.000792872       0.218190      0.0407599       0.346829      0.0487926        34.9270        5.90220        50.3370        7.08151
UVW2            2009.16295514973        381.647        387.763    0.000730391       0.306321      0.0293301       0.412938      0.0328616        124.483        11.1374        157.198        12.5098
UVW2            2009.16313857459        361.982        367.782    0.000718355       0.287804      0.0292336       0.389419      0.0327692        111.284        10.5315        140.626        11.8335
UVW2            2009.16332207340        381.658        387.774    0.000724889       0.310551      0.0295164       0.423906      0.0332938        126.051        11.2071        161.367        12.6738
UVW2            2009.16350661947        342.294        347.780    0.000693944       0.307126      0.0309527       0.400320      0.0341659        111.556        10.5433        136.691        11.6661
UVW2            2011.32567940426        670.505        681.250     0.00109887       0.264097      0.0210248       0.404323      0.0245329        197.337        14.0252        270.429        16.4087
UVW2            2011.32604648635        662.003        672.611     0.00114674       0.297966      0.0223890       0.443118      0.0258450        218.039        14.7397        292.549        17.0630
UVW2            2012.14086901200        440.720        447.782    0.000884275       0.292842      0.0269103       0.419592      0.0308249        139.687        11.7986        184.447        13.5502
UVW2            2012.14104771276        361.971        367.771    0.000831111       0.266250      0.0283506       0.383474      0.0325191        104.637        10.2132        138.480        11.7433
UVW2            2012.46018564187        165.131        167.778     0.00187798       0.288524      0.0456454       0.534062      0.0567981        56.2500        7.48612        87.9020        9.34847
UVW2            2012.46037478288        263.546        267.769     0.00168115       0.314658      0.0371790       0.478424      0.0425587        95.2180        9.73881        125.717        11.1833
UVW2            2012.46055297859        224.182        227.775     0.00181609       0.313964      0.0405016       0.532313      0.0486673        81.6580        9.01859        118.946        10.8748
UVW2            2012.46075171018        558.821        567.776     0.00145854       0.320955      0.0255334       0.503763      0.0299889        201.830        14.1788        280.645        16.7067
UVW2            2012.46092279934        322.607        327.777     0.00201663       0.270097      0.0319497       0.494412      0.0391022        105.247        10.2408        159.018        12.5764
UVW2            2012.46110625535        302.920        307.774     0.00195039       0.254921      0.0320975       0.469570      0.0393283        93.6880        9.66299        141.833        11.8791
UVW2            2013.12597519943        232.055        235.773    0.000701809       0.279137      0.0359815       0.433173      0.0431610        69.2070        8.30559        100.253        9.98913
UVW2            2013.12616417841        499.770        507.779    0.000812000       0.302601      0.0255754       0.403895      0.0284011        162.331        12.7184        201.355        14.1589
UVW2            2013.12631724837        453.511        460.779    0.000970473       0.321588      0.0278127       0.471409      0.0322049        157.863        12.5406        213.172        14.5631
UVW2            2013.12688944696        399.369        405.769    0.000733362       0.239073      0.0255608       0.361805      0.0300732        103.559        10.1621        144.173        11.9837
