V               2006.78148828818        145.444        147.775      0.0265888        1.53843       0.128499        3.95025       0.163255        326.056        17.8359        560.962        23.1834
V               2006.78167192563        142.480        144.763      0.0372192        1.32266       0.133442        4.75524       0.180620        331.294        17.9702        658.351        25.0064
V               2006.79063544436        78.5099        79.7680      0.0185916        1.37346       0.158323        3.08238       0.196695        146.560        11.9829        237.509        15.1561
V               2006.79082120833        83.4399        84.7770      0.0199975        1.13298       0.145322        2.86891       0.184165        139.790        11.7152        235.243        15.1010
V               2006.79651029358        131.664        133.774      0.0244282        1.29144       0.125458        3.52204       0.162187        256.312        15.8396        453.928        20.9030
V               2006.80165126216        82.4408        83.7619      0.0301202        1.58073       0.176271        4.14531       0.222027        196.521        13.8360        333.278        17.8507
V               2006.80183820392        42.1000        42.7746      0.0356782        1.42810       0.248432        4.73245       0.331499        100.396        9.88921        193.624        13.5630
V               2006.80201819900        81.4635        82.7690      0.0400917        1.37120       0.181858        5.23898       0.250430        199.203        13.9253        413.521        19.7669
V               2006.80971633601        32.2618        32.7788      0.0349150        1.28746       0.273440        4.35715       0.363691        71.8990        8.37611        136.915        11.4283
V               2006.81263835842        136.583        138.772      0.0261362        1.42910       0.128815        3.57735       0.160464        291.022        16.8609        478.123        21.4464
V               2006.83183108072        22.4128        22.7720      0.0161692        1.41516       0.294732        3.23350       0.376915        41.2490        6.35804        71.0630        8.28351
V               2006.83201496586        27.3427        27.7809      0.0158940       0.845476       0.221162        2.36862       0.292674        35.0110        5.87573        63.8370        7.88788
V               2006.83219808343        22.4019        22.7609      0.0154117        1.00820       0.259041        3.07147       0.367582        31.7880        5.59448        67.5350        8.08235
V               2006.83238192524        27.3319        27.7699      0.0155014        1.63196       0.279939        3.14220       0.336537        55.5890        7.37302        84.2590        9.02433
V               2006.83256479127        25.3773        25.7840      0.0160086        1.48801       0.281640        3.16650       0.350584        48.4030        6.88481        78.8270        8.72745
V               2006.83274727186        25.3447        25.7508      0.0159253        1.34476       0.270321        2.74274       0.326825        44.8340        6.63120        68.3640        8.14627
V               2006.84338669729        45.0536        45.7756      0.0158032        1.13817       0.190713        2.71786       0.244029        70.3780        8.31771        120.442        10.8142
V               2006.84357046830        48.9954        49.7805      0.0153598        1.71842       0.213103        3.13424       0.251042        103.638        10.0627        150.668        12.0680
V               2006.85368325886        34.2273        34.7758      0.0214166        1.07121       0.225852        3.09082       0.298301        56.4990        7.44892        103.823        10.0202
V               2006.85386769359        34.2273        34.7758      0.0217646        1.61576       0.259937        3.27868       0.307094        75.0200        8.55772        110.009        10.3039
V               2006.87663628512        27.2022        27.7783      0.0426208        1.93439       0.348766        5.51906       0.445961        83.6260        9.02850        146.385        11.8285
V               2006.87700356873        24.2527        24.7664      0.0512930      -0.406743       0.213644        2.34087       0.309375        25.6960        5.04701        56.1620        7.42250
V               2006.87718615184        24.2610        24.7747      0.0413379        1.01822       0.307476        4.06011       0.406105        52.5490        7.18428        96.6810        9.67034
V               2006.87773747250        24.2610        24.7747      0.0442368      -0.608572       0.167705        1.69148       0.263247        15.8980        3.97648        40.7170        6.33684
V               2006.88672275848        9.57949        9.78236      0.0522053        1.90929       0.612687        6.01558       0.783860        31.7840        5.56035        56.0630        7.30529
V               2006.88690527740        9.57951        9.78238      0.0397765        1.39678       0.527584        5.30924       0.737357        23.6860        4.81714        49.6380        6.89382
V               2006.88708971485        9.57128        9.77398      0.0503804     -0.0175453       0.392647        2.76627       0.534940        13.5000        3.65288        26.1410        5.05514
V               2006.88727219921        9.57130        9.77400      0.0524097      -0.622447       0.312684        3.23822       0.578281        8.40600        2.88883        30.5350        5.45295
V               2006.89588489004        45.0536        45.7756      0.0421096        1.41251       0.249608        5.23768       0.336706        114.912        10.5702        228.644        14.6985
V               2006.89606744354        45.0536        45.7756      0.0340705        1.21416       0.226393        4.13536       0.299986        96.5020        9.70864        181.709        13.1815
V               2006.89625045363        40.1237        40.7667      0.0360452        1.57305       0.262191        4.77482       0.341047        101.661        9.94305        186.140        13.2952
V               2006.89643162843        35.2046        35.7687      0.0274554        1.59814       0.266370        4.07867       0.337077        81.9220        8.93600        140.087        11.5773
V               2006.90574567638        71.6145        72.7621      0.0146137        1.41031       0.162041        2.75396       0.194820        128.657        11.2315        193.948        13.7202
V               2006.94004474552        91.3017        92.7648      0.0222191        1.85237       0.168782        4.04207       0.208387        221.801        14.6952        360.129        18.5662
V               2006.94022872159        96.2317        97.7738      0.0246747        1.31901       0.148081        3.55854       0.190674        190.671        13.6590        335.135        17.9572
V               2006.96656462104        51.9273        52.7594      0.0144240        1.41922       0.190660        2.85042       0.232708        93.4460        9.57184        145.472        11.8763
V               2006.96674771957        47.0191        47.7725      0.0138342        1.71244       0.214779        3.01298       0.251331        97.1840        9.74694        139.098        11.6030
V               2006.96693021466        47.0191        47.7726      0.0143770        1.28027       0.192254        2.61164       0.234220        78.2000        8.76287        120.861        10.8392
V               2006.96711461863        46.9974        47.7505      0.0144557        1.53133       0.206225        2.77673       0.241469        89.8240        9.37869        128.314        11.1584
V               2006.96729717280        47.0191        47.7725      0.0142686        1.50782       0.204976        2.96528       0.249362        88.4090        9.30613        136.935        11.5154
V               2006.97720385611        25.3773        25.7840      0.0144165       0.970234       0.236450        2.28923       0.298718        34.5810        5.83689        57.2900        7.47567
V               2006.97756368882        153.317        155.774      0.0145362        1.54589       0.114843        2.99042       0.138669        295.053        16.9967        450.226        20.8775
V               2006.97774762536        182.831        185.761      0.0146831        1.65055       0.107956        3.00414       0.127271        371.118        19.0509        539.317        22.8483
V               2006.97795367784        100.163        101.768      0.0148651        1.43217       0.138209        2.92268       0.169636        182.437        13.3727        287.589        16.6920
V               2006.97814091647        159.213        161.765      0.0144685        1.57451       0.113493        3.01611       0.136652        310.666        17.4380        471.485        21.3618
V               2006.97831964939        80.4862        81.7760      0.0145342        1.57768       0.159581        2.85816       0.187167        157.544        12.4176        226.080        14.8049
V               2006.97848744189        50.9500        51.7665      0.0148212        1.25765       0.184667        2.91500       0.237539        84.1130        9.08874        145.911        11.8901
V               2006.97866974644        25.3664        25.7729      0.0153896        1.04201       0.244672        2.34607       0.302427        36.9880        6.03344        58.6670        7.56265
V               2006.97885271455        35.2046        35.7687      0.0143974        1.35791       0.227521        2.81270       0.280774        61.1710        7.74706        97.3410        9.71692
V               2006.97903668429        25.3664        25.7729      0.0150995        1.41314       0.273818        2.93062       0.337537        45.9110        6.70886        73.0270        8.41096
V               2006.97922634135        172.993        175.765      0.0147021        1.41441       0.104629        2.94781       0.129625        311.630        17.4795        500.897        22.0261
V               2006.98895710210        94.2445        95.7547      0.0144606        1.39399       0.140461        2.74252       0.169478        167.425        12.8139        254.192        15.7082
V               2006.98914299471        163.155        165.770      0.0149620        1.40753       0.107548        2.78063       0.129688        293.993        16.9777        446.068        20.8045
V               2006.98932740636        163.155        165.770      0.0148882        1.54991       0.111663        2.98647       0.134336        315.952        17.5872        478.495        21.5234
V               2007.01333172334        40.1345        40.7777      0.0157343        1.19520       0.205017        2.50537       0.248365        64.9010        7.98507        99.0300        9.81717
V               2007.01352438900        69.6490        70.7652      0.0157247        1.68313       0.177520        2.96619       0.204916        145.845        11.9385        202.902        14.0173
V               2007.01370816403        74.5790        75.7741      0.0158584        1.23229       0.152556        2.69294       0.188810        123.613        11.0176        197.574        13.8525
V               2007.01389267866        74.5681        75.7631      0.0161960        1.71118       0.173431        3.19652       0.205473        158.785        12.4545        233.777        15.0273
V               2007.01407505768        74.5681        75.7631      0.0154749        1.52587       0.164828        2.90640       0.196064        144.047        11.8754        212.930        14.3641
V               2007.01425769594        74.5790        75.7741      0.0151694        1.48340       0.162857        2.97527       0.198326        140.361        11.7257        217.917        14.5259
V               2007.01444201111        74.5790        75.7741      0.0152985        1.73800       0.173511        3.20269       0.205654        158.975        12.4618        234.254        15.0421
V               2007.06851478476        85.3945        86.7629      0.0156451        1.50503       0.153550        3.05429       0.187751        163.351        12.6475        256.025        15.7382
V               2007.06869797233        85.4054        86.7740      0.0156076        1.67682       0.160197        3.15155       0.190660        177.809        13.1829        264.057        15.9747
V               2007.06943484342        110.012        111.775      0.0156441        1.18752       0.123780        2.74807       0.157020        176.744        13.1780        297.309        16.9878
V               2007.06961149407        60.7990        61.7733      0.0158296        1.81174       0.195912        3.20093       0.227708        134.833        11.4711        190.868        13.5780
V               2007.06980535123        95.2435        96.7698      0.0160174        1.57057       0.148065        2.96879       0.175309        189.482        13.6158        277.703        16.3985
V               2007.07550166144        110.989        112.767      0.0160237        1.54017       0.136185        3.01383       0.163608        217.370        14.5859        328.433        17.8292
V               2007.07568414236        111.000        112.779      0.0158219        1.73016       0.142474        3.19594       0.168396        237.483        15.2304        347.931        18.3327
V               2007.07586861259        110.989        112.767      0.0159060        1.30108       0.127651        2.76959       0.156930        191.505        13.7083        302.260        17.1266
V               2007.07605107691        110.989        112.767      0.0163160        1.51048       0.135566        3.02475       0.163900        215.285        14.5173        329.601        17.8598
V               2007.07623145964        96.2208        97.7627      0.0158489        1.46495       0.143203        2.78578       0.169029        181.427        13.3309        263.548        15.9909
V               2007.07641667768        106.070        107.770      0.0160827        1.65902       0.143582        3.14574       0.170928        220.328        14.6751        327.355        17.7872
V               2007.07660057069        110.989        112.767      0.0161106        1.52654       0.135895        3.06911       0.165080        216.140        14.5454        334.346        17.9836
V               2007.07677825790        86.3826        87.7669      0.0159197        1.27565       0.143526        2.66923       0.174672        146.946        12.0097        226.861        14.8456
V               2007.08077912324        23.3901        23.7649      0.0153878        1.48441       0.289998        2.43607       0.320860        44.3270        6.58900        56.1410        7.39445
V               2007.08096183090        11.5756        11.7611      0.0157072        1.18477       0.381218        2.67429       0.477607        18.5920        4.27408        30.4570        5.43938
V               2007.08114564161        16.5055        16.7700      0.0153563        1.61888       0.358216        2.96952       0.421171        33.3210        5.70882        48.1370        6.82735
V               2007.08132872513        11.5756        11.7611      0.0152035        1.69216       0.434187        2.80987       0.489405        24.1860        4.86182        31.9750        5.56920
V               2007.08151258899        16.5055        16.7700      0.0167851        1.86073       0.382307        3.16930       0.434899        37.8990        6.07899        51.3140        7.04143
V               2007.08169517118        16.5055        16.7700      0.0155461        2.25605       0.411931        3.81455       0.476379        43.5370        6.50308        61.5230        7.68329
V               2007.08187812291        11.5756        11.7611      0.0147615        1.43204       0.405953        2.77878       0.486726        21.0910        4.54684        31.6270        5.53974
V               2007.08206263810        11.5756        11.7611      0.0155631        1.58234       0.424710        2.94138       0.500568        23.0440        4.74825        33.4450        5.69173
V               2007.08224510333        11.5430        11.7280      0.0156708        1.23418       0.386600        2.49306       0.461991        19.1040        4.33136        28.3440        5.25245
V               2007.08242956676        11.5865        11.7721      0.0162751        1.02473       0.362925        2.29537       0.442674        16.9980        4.08989        26.2260        5.05781
V               2007.08261208653        11.5756        11.7611      0.0146898        1.04768       0.360666        2.41803       0.454427        16.7080        4.05538        27.5810        5.18338
V               2007.08279463672        11.5864        11.7721      0.0148824        1.29147       0.390153        2.57952       0.468955        19.5750        4.38359        29.4220        5.34890
V               2007.08297905296        11.5865        11.7721      0.0152923        1.86253       0.452460        3.23183       0.524089        26.1120        5.04708        36.7180        5.95437
V               2007.08316157167        11.5973        11.7831      0.0158059        1.05124       0.365966        2.77420       0.485875        17.1310        4.10563        31.6350        5.54058
V               2007.08334597672        11.5973        11.7832      0.0161032        1.57361       0.425139        3.01739       0.506428        23.1370        4.75771        34.3580        5.76652
V               2007.08356545785        106.059        107.759      0.0161773        1.45147       0.136561        3.03612       0.167976        199.284        13.9720        316.123        17.4898
V               2007.08374797606        106.059        107.759      0.0160808        1.46758       0.136808        2.88974       0.163934        200.714        14.0210        301.147        17.0840
V               2007.08907303410        14.5509        14.7841      0.0155553        1.63735       0.384920        3.30730       0.473008        29.6780        5.38709        47.1680        6.74595
V               2007.08925688882        19.4592        19.7710      0.0163363        1.46556       0.319230        2.64564       0.366414        36.9970        6.01940        50.6600        7.01626
V               2007.08944002107        14.5401        14.7731      0.0154752        2.05695       0.421459        3.47256       0.484670        35.5640        5.88383        49.4390        6.90027
V               2007.08962389502        19.4483        19.7600      0.0154866        1.00903       0.277338        2.60314       0.363597        27.7600        5.22779        49.8310        6.96022
V               2007.09017197671        14.5401        14.7731      0.0161551        1.13026       0.335167        2.51119       0.413109        22.7470        4.72870        35.9590        5.91552
V               2007.09035643643        14.5509        14.7841      0.0152274        1.10018       0.328428        2.12734       0.380435        22.0560        4.65757        30.5560        5.46436
V               2007.09053896996        14.5292        14.7620      0.0149306        1.03499       0.321072        2.29467       0.395251        20.9170        4.53762        32.8770        5.66297
V               2007.09072336413        14.5292        14.7621      0.0157815        1.40173       0.363136        3.06609       0.456038        26.4090        5.08800        43.7260        6.50362
V               2007.09090586725        14.5292        14.7620      0.0165333        1.49117       0.373313        2.94838       0.447325        28.0200        5.23768        42.0770        6.38387
V               2007.09108835254        14.5292        14.7621      0.0158451        1.56832       0.379305        3.24645       0.469056        28.7510        5.30408        46.2480        6.68203
V               2007.09420446835        14.5292        14.7620      0.0164764        1.34412       0.358882        2.87216       0.441586        25.8950        5.03923        41.0080        6.30486
V               2007.09457147786        14.5401        14.7731      0.0162835        1.88978       0.410769        3.81376       0.507505        33.4610        5.71182        54.1860        7.21064
V               2007.09475388854        14.5292        14.7621      0.0146817        1.95696       0.410469        3.21760       0.467000        33.8360        5.74286        45.8450        6.65389
V               2007.09493847608        14.5292        14.7620      0.0160013        1.44693       0.368135        3.07889       0.456975        27.1490        5.15734        43.9050        6.51647
V               2007.09657594699        105.093        106.777      0.0154052        1.33251       0.131763        2.71159       0.159597        183.232        13.4076        280.306        16.4981
V               2007.09694287683        105.093        106.777      0.0158504        1.55338       0.140441        3.09241       0.170280        206.914        14.2299        318.942        17.5622
V               2007.09712000434        85.3945        86.7629      0.0153954        1.45445       0.151259        2.93243       0.184021        158.855        12.4758        245.990        15.4368
V               2007.10280697757        101.151        102.772      0.0155779        1.44572       0.138724        2.85088       0.166747        187.813        13.5656        283.414        16.5768
V               2007.10298989443        96.2425        97.7848      0.0158135        1.59632       0.148140        3.02434       0.175997        193.477        13.7570        285.771        16.6300
V               2007.10315338465        30.2855        30.7708      0.0164668        1.47657       0.257976        3.20350       0.322761        57.7880        7.52268        95.1510        9.58671
V               2007.10334179501        45.0645        45.7866      0.0155505        1.49248       0.210502        2.96932       0.254884        85.6490        9.15868        131.418        11.2808
V               2007.10352836570        59.8000        60.7583      0.0157738        1.38692       0.177902        2.81387       0.215474        107.977        10.2888        165.415        12.6668
V               2007.10371607841        65.1860        66.2306      0.0151648        1.40698       0.170547        2.87465       0.208567        117.762        10.7449        184.141        13.3601
V               2007.10519924464        14.5292        14.7620      0.0148405        1.67707       0.387810        3.55838       0.490705        29.8720        5.40418        50.5970        6.97738
V               2007.11636830349        22.4237        22.7830      0.0152889        1.61809       0.308179        3.32907       0.382264        45.1430        6.64501        73.1570        8.40032
V               2007.11650330533        54.8918        55.7714      0.0155899        1.45366       0.188965        2.95171       0.230267        102.400        10.0163        159.144        12.4151
V               2007.11668978743        69.6490        70.7651      0.0159469        1.19738       0.156171        2.56080       0.190584        113.278        10.5488        175.599        13.0687
V               2007.11687778159        89.3362        90.7678      0.0160066        1.46448       0.148958        2.97015       0.181053        168.505        12.8473        260.596        15.8853
V               2007.11706222156        89.3363        90.7678      0.0155665        1.51659       0.150265        2.80946       0.176155        172.200        12.9844        246.736        15.4705
V               2007.11724473691        89.3362        90.7678      0.0153968        1.59792       0.153419        3.03672       0.183041        178.735        13.2232        266.330        16.0533
V               2007.11742914751        89.3362        90.7678      0.0152211        1.44789       0.147352        2.88490       0.178472        165.155        12.7216        253.246        15.6669
V               2007.11761349850        90.3244        91.7718      0.0156897        1.57351       0.151852        2.94739       0.179378        179.325        13.2461        261.495        15.9146
V               2007.11779601070        90.3244        91.7718      0.0151717        1.56603       0.151098        3.00514       0.181102        177.278        13.1719        266.526        16.0620
V               2007.12314801173        90.3244        91.7718      0.0154302        1.62601       0.153634        3.07093       0.183045        183.140        13.3831        272.254        16.2279
V               2007.12370503737        35.2154        35.7797      0.0152134        1.52731       0.239625        2.94586       0.287207        67.8350        8.14961        101.899        9.93466
V               2007.12387131808        134.607        136.764      0.0152854        1.62635       0.125764        3.08356       0.150246        272.467        16.3242        407.368        19.8490
V               2007.12405386491        134.629        136.786      0.0154395        1.52567       0.122642        2.92254       0.146316        259.849        15.9500        386.531        19.3515
V               2007.12423641291        134.607        136.764      0.0157292        1.38217       0.118345        2.79835       0.143228        242.175        15.4092        370.323        18.9542
V               2007.12442077889        134.618        136.775      0.0154799        1.55661       0.123705        2.96613       0.147393        264.166        16.0791        392.162        19.4874
V               2007.12457092489        16.5055        16.7700      0.0154043        1.60566       0.357874        3.17497       0.435282        33.0960        5.68994        51.4040        7.04739
V               2007.13156487498        126.745        128.776      0.0155943        1.42876       0.123317        2.75006       0.146341        233.516        15.1276        342.776        18.2403
V               2007.13173247802        109.023        110.771      0.0152252       0.894528       0.111559        1.91134       0.131807        143.200        11.8810        205.965        14.2035
V               2007.13191500548        109.034        110.782      0.0152665        1.63709       0.139687        2.74452       0.157622        222.300        14.7438        294.294        16.9017
V               2007.13210077243        113.953        115.779      0.0154959        1.26832       0.124210        2.61490       0.150544        191.724        13.7194        293.273        16.8842
V               2007.13230338630        136.562        138.750      0.0154725        1.43218       0.118961        2.97244       0.146494        250.990        15.6838        398.656        19.6474
V               2007.13248780967        138.549        140.769      0.0156835        1.49552       0.120203        2.91224       0.143980        264.347        16.0895        396.408        19.5983
V               2007.14218748046        109.023        110.771      0.0151260        1.26914       0.126799        2.73323       0.157310        182.378        13.3815        293.074        16.8677
V               2007.14237188201        109.023        110.771      0.0155969        1.43559       0.133413        2.92124       0.162557        201.450        14.0502        312.879        17.4106
V               2007.14255439392        109.013        110.759      0.0154279        1.53021       0.136423        2.93461       0.162931        210.763        14.3645        314.255        17.4476
V               2007.14273691441        109.023        110.771      0.0156430        1.50591       0.135635        2.78165       0.158679        209.061        14.3076        298.179        17.0095
V               2007.14294791366        76.5228        77.7490      0.0150571        1.65257       0.167568        3.08075       0.199181        156.374        12.3654        231.377        14.9593
V               2007.14350110849        42.1000        42.7747      0.0150766        1.42292       0.212827        2.74209       0.253552        76.7410        8.67307        113.533        10.4980
V               2007.14368826218        17.4937        17.7740      0.0153753        1.43671       0.332334        2.92012       0.405734        32.1840        5.61614        50.1850        6.97293
V               2007.23255153621        515.516        523.777      0.0148226        1.43754      0.0608812        2.73188      0.0723250        941.912        30.3846        1385.12        36.6703
V               2007.23273433284        535.181        543.757      0.0149949        1.45452      0.0601541        2.76385      0.0713924        990.558        31.1553        1454.51        37.5711
V               2007.23291842636        515.505        523.766      0.0149251        1.42720      0.0608098        2.75471      0.0726234        939.082        30.3399        1396.48        36.8158
V               2009.02879270390        90.3244        91.7718      0.0152547        1.47895       0.147580        2.78745       0.174510        169.795        12.8969        247.543        15.4976
V               2009.02897524253        90.3353        91.7829      0.0150928        1.38404       0.143841        2.78988       0.174575        161.142        12.5706        247.785        15.5050
V               2009.02915975001        90.3353        91.7829      0.0152411        1.39217       0.144269        2.77694       0.174175        162.171        12.6099        246.655        15.4707
V               2009.02934226557        90.3244        91.7718      0.0149814        1.27812       0.139362        2.69061       0.171492        151.376        12.1910        239.083        15.2385
V               2009.02952481888        90.3244        91.7718      0.0150443        1.26975       0.139344        2.81560       0.175378        150.890        12.1718        250.001        15.5720
V               2009.16278483601        36.1927        36.7727      0.0143511        1.28231       0.219610        2.82496       0.277509        60.1630        7.68616        100.502        9.87278
V               2009.16296297859        95.2543        96.7808      0.0146308        1.44683       0.141951        2.78558       0.169878        174.625        13.0824        260.882        15.9099
V               2009.16314601102        90.3244        91.7718      0.0144746        1.30746       0.139970        2.64402       0.170020        152.902        12.2512        235.009        15.1119
V               2009.16332990489        95.2543        96.7808      0.0148429        1.55394       0.146201        2.92175       0.173924        184.900        13.4537        273.411        16.2754
V               2009.16351365227        85.4162        86.7850      0.0149069        1.53286       0.153468        2.75699       0.178484        164.410        12.6875        231.576        14.9920
V               2012.14087803951        110.012        111.775      0.0139773        1.33367       0.127280        2.73571       0.156672        187.200        13.5551        295.994        16.9513
V               2012.14105514971        90.3244        91.7718      0.0142460        1.46140       0.145836        2.76571       0.173838        165.818        12.7480        245.645        15.4399
V               2012.46018913240        41.1227        41.7817      0.0506227        1.33698       0.269361        5.27811       0.353755        111.531        10.4042        210.255        14.0919
V               2012.46038022686        65.7290        66.7822      0.0447706        1.22413       0.201622        4.82377       0.267793        160.832        12.5123        307.963        17.0967
V               2012.46055763158        55.8908        56.7864      0.0480191        1.08746       0.217189        5.14250       0.299615        133.843        11.4177        278.644        16.2345
V               2012.46076311942        139.537        141.773      0.0352091        1.42239       0.135580        4.37193       0.175167        331.139        17.9612        594.133        23.8047
V               2012.46092944075        80.4862        81.7760      0.0465439        1.28607       0.186341        4.96072       0.245330        205.600        14.1385        387.498        19.1635
V               2012.46111250152        75.5563        76.7671      0.0493793        1.03778       0.186717        5.02219       0.254733        181.243        13.2862        368.136        18.6724
V               2013.12598002705        57.8454        58.7724      0.0137203        1.12948       0.164158        2.32037       0.199182        86.7010        9.23526        132.339        11.3601
V               2013.12617439320        124.780        126.779      0.0140538        1.22204       0.115594        2.54092       0.141841        199.268        13.9933        312.190        17.4272
V               2013.12632652463        112.954        114.764      0.0139835        1.36033       0.126432        2.54109       0.149086        195.664        13.8558        282.622        16.5814
V               2013.12689763383        99.1635        100.753      0.0138600        1.26984       0.131394        2.58422       0.160443        162.530        12.6348        252.262        15.6619
