UVW1            2655.67549553607        291.106        295.771     -0.0750265     0.00374379     0.00264452    7.21388E-05     0.00343518
UVW1            2655.74284142628        285.198        289.769        1.54135      0.0760895     0.00291450        1.99634      0.0832696
UVW1            2655.80952968169        288.152        292.770        1.37626      0.0713233     0.00240336        1.76646      0.0779692
UVW1            2659.02240115870        158.236        160.772     -0.0568152     0.00655886     0.00200659        0.00000     0.00631967
UVW1            2659.08981728135        168.074        170.768     -0.0589768     0.00619619     0.00209449        0.00000     0.00594975
UVW1            2661.16349765053        263.557        267.780     -0.0578553     0.00403519     0.00203987        0.00000     0.00379425
UVW1            2662.43296671659        65.6530        66.7050     -0.0628186      0.0154989     0.00221712        0.00000      0.0152316
UVW1            2662.49963339977        65.6530        66.7050       0.830031       0.116822     0.00204603        1.06176       0.126851
UVW1            2663.04561000690        164.143        166.774     -0.0590533     0.00634115     0.00207970        0.00000     0.00609224
UVW1            2663.11746724509        83.4290        84.7659        1.32580       0.131839     0.00355449        1.83751       0.147762
UVW1            2663.17972262902        162.178        164.777     -0.0493903     0.00948962     0.00224138      0.0694596      0.0206918
UVW1            2665.99581323564        63.7309        64.7522        1.26918       0.146998     0.00298881        1.83882       0.169122
UVW1            2667.05383495614        273.384        277.765     -0.0518340     0.00387344     0.00183382        0.00000     0.00365786
UVW1            2670.05773729272        94.2553        95.7657        1.32386       0.121628     0.00179270        1.70255       0.133858
UVW1            2674.07406730251        46.0418        46.7796        1.42450       0.180327     0.00179034        1.79761       0.196753
UVW1            2674.14079482015        55.8691        56.7644        1.35318       0.159769     0.00187287        1.71007       0.174246
UVW1            2674.20809818571        46.0309        46.7686        1.41664       0.179828     0.00159786        1.97641       0.206242
UVW1            2674.27482041065        55.8691        56.7644        1.45612       0.165716     0.00197275        1.80581       0.179015
UVW1            2674.34180511348        50.9500        51.7665        1.59005       0.180808     0.00179632        1.90923       0.192704
UVW1            2674.40846879082        50.9609        51.7775        1.31473       0.165256     0.00202835        1.68882       0.181316
UVW1            2677.02024575323        103.279        104.934        1.27254       0.113763     0.00165111        1.59693       0.123878
UVW1            2677.08726180345        43.8374        44.5399        1.26177       0.174306     0.00180840        1.65764       0.193694
UVW1            2678.29279292747        89.3363        90.7679        1.10163       0.114386     0.00180518        1.54558       0.131052
UVW1            2678.35951605020        99.1961        100.786        1.49618       0.125939     0.00184820        1.91263       0.138229
UVW1            2682.05453260243        69.6490        70.7651        1.42756       0.146976     0.00196448        1.77070       0.158779
UVW1            2682.12188685220        69.6599        70.7762        1.69937       0.160439     0.00228574        2.06569       0.171361
UVW1            2686.68649060093        58.5369        59.7766      -0.112917      0.0175593     0.00400155        0.00000      0.0170832
UVW1            2686.75382811762        58.5451        59.7849      -0.114867      0.0175674     0.00405014        0.00000      0.0170809
UVW1            2686.82049363479        58.5287        59.7682      -0.103164      0.0175236     0.00363407        0.00000      0.0170856
UVW1            2686.88721503597        68.3300        69.7771      -0.124726      0.0151625     0.00438755        0.00000      0.0146349
UVW1            2686.95438646199        38.9342        39.7588      -0.113229      0.0261660     0.00399473        0.00000      0.0256843
UVW1            2690.43873198424        55.6039        56.7814        1.34956       0.162837     0.00365425        2.00491       0.189206
UVW1            2690.50794679206        16.4232        16.7710        1.07323       0.270867     0.00409896        1.73881       0.324373
UVW1            2690.57316314429        48.7273        49.7592      -0.121327      0.0210358     0.00428946        0.00000      0.0205224
UVW1            2690.63982730033        48.7438        49.7760      -0.125302      0.0210470     0.00441748        0.00000      0.0205154
UVW1            2690.70718841301        48.7027        49.7341      -0.134647      0.0211022     0.00475704        0.00000      0.0205327
UVW1            2690.77385407407        48.7438        49.7760      -0.131081      0.0210718     0.00461579        0.00000      0.0205154
UVW1            2690.84122047806        48.7273        49.7593      -0.117375      0.0210209     0.00413626        0.00000      0.0205224
UVW1            2692.49408339988        64.8301        66.2031     -0.0548312      0.0156584     0.00193592        0.00000      0.0154249
UVW1            2692.56074863020        64.8958        66.2702     -0.0511700      0.0156278     0.00180270        0.00000      0.0154093
UVW1            2692.62811018340        65.3395        66.7232     -0.0476884      0.0155074     0.00168857        0.00000      0.0153047
UVW1            2692.69477783749        64.8958        66.2702     -0.0494444      0.0156193     0.00175171        0.00000      0.0154093
UVW1            2694.05771081708        19.3644        19.7745      -0.131187      0.0521988     0.00465041        0.00000      0.0516411
UVW1            2694.12438852526        19.3726        19.7829      -0.147876      0.0522506     0.00521477        0.00000      0.0516192
UVW1            2694.19104365492        19.3562        19.7661      -0.116496      0.0521595     0.00412129        0.00000      0.0516631
UVW1            2694.25841491949        19.3562        19.7661      -0.131865      0.0522250     0.00466140        0.00000      0.0516630
UVW1            2694.32507296465        19.3562        19.7661      -0.127261      0.0522067     0.00448902        0.00000      0.0516630
UVW1            2694.39244753448        19.3726        19.7829      -0.120438      0.0521342     0.00424626        0.00000      0.0516193
UVW1            2694.92784798285        19.3151        19.7242      -0.136298      0.0523551     0.00480720        0.00000      0.0517729
UVW1            2694.99457012583        29.1411        29.7582      -0.125914      0.0348517     0.00444647        0.00000      0.0343158
UVW1            2697.46772801504        90.3244        91.7718        1.29657       0.124494     0.00291045        1.73034       0.137842
UVW1            2697.53439367702        90.3244        91.7718        1.42934       0.130729     0.00313977        1.91528       0.144958
UVW1            2697.60170024401        80.4862        81.7760        1.53884       0.143443     0.00311925        2.04220       0.158520
UVW1            2697.66830435488        70.6264        71.7581        1.49230       0.150783     0.00307915        1.95342       0.165540
UVW1            2701.00238970108        176.935        179.770     -0.0472750     0.00585169     0.00166434        0.00000     0.00565179
UVW1            2701.06701452937        144.467        146.782     -0.0414689     0.00712158     0.00165215      0.0456980      0.0177835
UVW1            2705.01356059592        166.109        168.771       0.670442      0.0660561     0.00170475       0.913440      0.0739956
UVW1            2705.08092074143        166.098        168.760     -0.0505915     0.00623359     0.00179092     0.00426868     0.00602070
UVW1            2713.59303100500        182.853        185.783        1.43320      0.0907715     0.00182259        1.78413      0.0983616
UVW1            2713.65976874903        192.680        195.768        1.43463      0.0884201     0.00175396        1.79870      0.0962075
UVW1            2719.07830376737        174.948        177.751        1.52132      0.0953979     0.00168668        1.84462       0.102235
UVW1            2719.14344664989        155.272        157.760        1.45195      0.0990415     0.00165824        1.88255       0.109620
UVW1            2719.21095516067        174.959        177.762        1.36037      0.0904820     0.00179360        1.76606       0.100050
UVW1            2723.28290680610        104.115        105.784        1.47371       0.121688     0.00161106        1.81357       0.131414
UVW1            2723.35021381360        94.2662        95.7768        1.62837       0.134171     0.00153609        1.93062       0.142456
UVW1            2723.41687672213        94.2553        95.7657        1.56764       0.131842     0.00167727        1.85811       0.139788
UVW1            2723.48422988970        94.2553        95.7657        1.24635       0.117948     0.00162794        1.65945       0.132166
UVW1            2723.55090282019        94.2553        95.7657        1.40518       0.124852     0.00159968        1.67803       0.132898
UVW1            2727.17440987891        25.3555        25.7619        1.42363       0.242339     0.00160691        1.71295       0.258865
UVW1            2727.30886024889        153.306        155.763        1.44490      0.0993068     0.00164844        1.73589       0.105973
UVW1            2727.37674143864        182.842        185.772        1.29304      0.0861110     0.00160493        1.59288      0.0929853
UVW1            2727.45004638284        100.163        101.768        1.53763       0.126860     0.00172388        1.93800       0.138461
UVW1            2727.51983241318        159.213        161.765        1.49132      0.0991194     0.00180516        1.79054       0.105599
UVW1            2727.58325203927        80.4863        81.7760        1.35521       0.133180     0.00185025        1.72118       0.145640
UVW1            2727.64384377608        50.9391        51.7554        1.30530       0.163821     0.00143208        1.77091       0.185673
UVW1            2727.70982025471        25.3555        25.7619        1.31913       0.233989     0.00174484        1.69894       0.257812
UVW1            2727.77688623266        35.2155        35.7798        1.32135       0.198377     0.00159231        1.68753       0.218033
UVW1            2727.84385062661        25.3664        25.7729        1.57630       0.255405     0.00187784        1.93690       0.275061
UVW1            2727.91660928121        173.004        175.776        1.44395      0.0935762     0.00173900        1.78498       0.101146
UVW1            2731.00502006663        94.2553        95.7657        1.39851       0.125391     0.00218746        1.77282       0.136570
UVW1            2731.07125486759        133.630        135.771        1.50882       0.109021     0.00198056        1.86291       0.117551
UVW1            2731.46892469609        94.2553        95.7658        1.44384       0.127031     0.00193192        1.81318       0.138102
UVW1            2731.53845884092        163.155        165.770        1.40259      0.0951816     0.00194465        1.73162       0.102599
UVW1            2731.60579055175        163.155        165.770        1.57282       0.100553     0.00184700        1.91290       0.107789
UVW1            2735.41601039190        36.2036        36.7838        1.54965       0.212129     0.00202195        1.81746       0.223093
UVW1            2735.48307323502        105.082        106.766        1.63665       0.127658     0.00177244        1.94717       0.135498
UVW1            2735.55083502270        173.971        176.758        1.37033      0.0911991     0.00195691        1.75877       0.100128
UVW1            2735.61750047840        173.981        176.769        1.50852      0.0954883     0.00185437        1.92507       0.104710
UVW1            2735.68486883678        173.981        176.769        1.45241      0.0936835     0.00184304        1.81738       0.101765
UVW1            2740.36565731000        79.4655        80.7389        1.33906       0.133393     0.00193178        1.72255       0.146630
UVW1            2740.43340857094        138.549        140.769        1.52263       0.107493     0.00195264        1.84895       0.115016
UVW1            2740.50011093868        148.376        150.754        1.45205       0.101635     0.00206247        1.81515       0.110130
UVW1            2740.56750605628        148.387        150.765        1.35643      0.0983155     0.00202297        1.73284       0.107621
UVW1            2740.63411935698        148.387        150.765        1.47412       0.102454     0.00210869        1.86236       0.111536
UVW1            2740.70082823653        148.354        150.732        1.56790       0.105564     0.00214369        1.90702       0.112866
UVW1            2740.76814411534        148.398        150.776        1.31101      0.0968098     0.00207268        1.75242       0.108218
UVW1            2749.42054774612        91.3126        92.7758        1.25993       0.120846     0.00202603        1.53954       0.129374
UVW1            2749.48726231931        101.151        102.772        1.65942       0.133023     0.00341180        2.21083       0.147067
UVW1            2749.55456703901        91.3017        92.7648        1.41684       0.127793     0.00181160        1.84349       0.141476
UVW1            2749.62128978455        101.162        102.783        1.48705       0.124377     0.00192207        1.85629       0.134866
UVW1            2749.68795634201        101.140        102.761        1.46223       0.123341     0.00187372        1.85040       0.134669
UVW1            2749.75526418630        91.3234        92.7869        1.34485       0.124634     0.00184648        1.76619       0.138487
UVW1            2749.82198826969        101.129        102.750        1.40327       0.121085     0.00203627        1.78128       0.132158
UVW1            2749.88865170022        101.162        102.783        1.30431       0.116760     0.00188043        1.77266       0.131819
UVW1            2749.95920468494        51.9273        52.7594        1.32737       0.164220     0.00180426        1.78660       0.184704
UVW1            2755.77674684860        533.726        542.279        1.41650      0.0529155     0.00200570        1.75946      0.0571766
UVW1            2755.84352846071        514.332        522.574        1.39169      0.0534207     0.00197852        1.72638      0.0576992
UVW1            2755.91083036968        523.856        532.250        1.41639      0.0534236     0.00203684        1.76655      0.0578280
UVW1            2755.97788320854        457.833        465.170        1.44324      0.0576611     0.00198380        1.83878      0.0630983
UVW1            2760.38237249013        120.838        122.774        1.41438       0.110884     0.00177338        1.76082       0.120211
UVW1            2760.44926955411        120.838        122.774        1.34440       0.108276     0.00190516        1.64915       0.116367
UVW1            2760.51726077870        170.040        172.765        1.57338      0.0984260     0.00174610        1.90099       0.105258
UVW1            2760.58417763282        170.040        172.765        1.60670      0.0994672     0.00174709        1.96403       0.106973
UVW1            2760.85113192396        219.241        222.755        1.45516      0.0835092     0.00184566        1.78280      0.0897954
UVW1            2760.92000091635        120.827        122.763        1.56057       0.116377     0.00179562        1.91949       0.125468
UVW1            2760.98773928825        189.727        192.767        1.29012      0.0847680     0.00192072        1.66951      0.0934356
UVW1            2763.06691634282        222.206        225.767        1.33378      0.0796829     0.00207520        1.63850      0.0855380
UVW1            2763.13357835542        222.217        225.778        1.36695      0.0806135     0.00200062        1.72823      0.0878282
UVW1            2763.20093905693        222.217        225.778        1.38586      0.0811769     0.00205140        1.74141      0.0881595
UVW1            2763.26760241110        222.195        225.756        1.43715      0.0827681     0.00222392        1.80262      0.0896868
UVW1            2763.33478650823        192.680        195.768        1.33145      0.0856063     0.00215271        1.70508      0.0936911
UVW1            2763.40157015109        212.357        215.760        1.51465      0.0867003     0.00198952        1.93641      0.0950541
UVW1            2763.46829473460        222.206        225.767        1.41557      0.0820584     0.00209504        1.76163      0.0886678
UVW1            2763.53536511678        173.004        175.776        1.54295      0.0968040     0.00198331        1.81199       0.101902
UVW1            2765.00223473506        47.9964        48.7655        1.45592       0.178403     0.00175580        1.80689       0.193197
UVW1            2765.07003637590        23.3901        23.7649        1.69329       0.275097     0.00157040        2.19034       0.304426
UVW1            2765.13675279729        33.2392        33.7718        1.24982       0.199606     0.00200926        1.60269       0.218751
UVW1            2765.20406122040        23.3901        23.7649        1.00459       0.214434     0.00197930        1.46482       0.249385
UVW1            2765.27078077570        33.2283        33.7607        1.48472       0.216866     0.00192443        1.86304       0.235743
UVW1            2765.33745698025        33.2391        33.7718        1.02571       0.181354     0.00189937        1.42126       0.206087
UVW1            2765.40474478388        23.4009        23.7759        1.35619       0.246589     0.00180423        1.52528       0.254384
UVW1            2765.47212331416        23.3901        23.7649        1.60493       0.268219     0.00184269        1.94451       0.287003
UVW1            2765.53877327312        23.3901        23.7649        1.77305       0.281678     0.00190363        2.07727       0.296544
UVW1            2765.60614822386        23.4010        23.7760        1.69366       0.275420     0.00177166        2.14307       0.301087
UVW1            2765.67280214140        23.4010        23.7760        1.86514       0.287784     0.00133054        2.28838       0.311019
UVW1            2765.73948472738        23.3901        23.7649        1.74994       0.280434     0.00194123        2.25588       0.308898
UVW1            2765.80682577519        23.3901        23.7649        1.46519       0.256010     0.00157867        1.84108       0.279335
UVW1            2765.87350848457        23.4009        23.7759       0.976591       0.211240     0.00193316        1.37113       0.241276
UVW1            2765.94086191664        23.4010        23.7760        1.13675       0.226102     0.00157486        1.47858       0.250487
UVW1            2766.01265335968        212.357        215.760        1.33070      0.0812893     0.00189613        1.66019      0.0880719
UVW1            2766.07932739239        212.368        215.771        1.49662      0.0861623     0.00199375        1.86898      0.0933970
UVW1            2768.03241997864        29.2865        29.7558        1.37337       0.222861     0.00220130        1.67417       0.238146
UVW1            2768.09914583666        39.1572        39.7847        1.38503       0.193624     0.00211798        1.83230       0.215380
UVW1            2768.16645117942        29.3082        29.7778        1.58393       0.238251     0.00195118        1.90703       0.253933
UVW1            2768.23319019238        39.1355        39.7626        1.13010       0.175641     0.00222623        1.43835       0.191059
UVW1            2768.43381438497        29.2973        29.7668        1.28800       0.215959     0.00215287        1.60328       0.233045
UVW1            2768.50118242390        29.3082        29.7778        1.52035       0.233723     0.00195204        1.93085       0.255500
UVW1            2768.56785388244        29.2973        29.7668        1.47511       0.230330     0.00185677        1.97495       0.258422
UVW1            2768.63520359807        29.2973        29.7668        1.21886       0.209860     0.00196532        1.51710       0.226743
UVW1            2768.70185603062        29.3082        29.7779        1.46562       0.229649     0.00181635        2.05250       0.263349
UVW1            2768.76851548534        29.2973        29.7668        1.55955       0.235929     0.00162919        1.92525       0.255180
UVW1            2769.90666561201        29.3082        29.7778        1.37469       0.222194     0.00191919        1.62787       0.234769
UVW1            2770.04072068771        29.3191        29.7889        1.59479       0.239497     0.00208612        2.03215       0.262005
UVW1            2770.10734503996        29.3082        29.7778        1.38114       0.222863     0.00185734        1.79095       0.246152
UVW1            2770.17475517001        29.3082        29.7779        1.30019       0.217164     0.00217655        1.72671       0.241734
UVW1            2770.70706260903        221.229        224.774        1.36726      0.0806167     0.00177270        1.72492      0.0879405
UVW1            2770.76479709102        211.390        214.778        1.31605      0.0810153     0.00179702        1.73310      0.0901749
UVW1            2770.89882970834        211.390        214.778        1.39937      0.0835316     0.00186625        1.82426      0.0924958
UVW1            2770.96527209086        172.005        174.761        1.30662      0.0896878     0.00201002        1.71925      0.0995701
UVW1            2773.04105930915        202.530        205.775        1.47280      0.0874447     0.00188848        1.81026      0.0941373
UVW1            2773.10834842315        187.805        190.814        1.38824      0.0883563     0.00200189        1.76652      0.0965800
UVW1            2773.17389113922        59.8217        60.7804        1.29609       0.151348     0.00200972        1.60051       0.162950
UVW1            2773.24140558764        89.3363        90.7678        1.45609       0.131012     0.00190999        1.83906       0.142853
UVW1            2773.30824497156        118.862        120.766        1.32083       0.108618     0.00216068        1.73201       0.120218
UVW1            2773.37513109203        158.225        160.761        1.39011      0.0962943     0.00192603        1.81299       0.106584
UVW1            2773.92250726977        29.3082        29.7779        1.34259       0.220284     0.00192742        1.91879       0.254708
UVW1            2778.00131933205        45.0536        45.7756        1.17806       0.166487     0.00181941        1.67398       0.191994
UVW1            2778.04769775085        110.989        112.767        1.60227       0.123403     0.00225763        1.89890       0.130213
UVW1            2778.11452686880        140.514        142.766        1.42405       0.103591     0.00220112        1.77784       0.112010
UVW1            2778.18144619605        179.889        182.771        1.40241      0.0908503     0.00218347        1.73939      0.0979279
UVW1            2778.24878812023        179.889        182.771        1.35121      0.0892376     0.00216859        1.70262      0.0968956
UVW1            2778.31546966545        179.878        182.760        1.32520      0.0883932     0.00209017        1.74488      0.0980838
UVW1            2778.38282665797        179.900        182.782        1.45472      0.0924385     0.00209547        1.84016       0.100697
UVW1            2778.45008890145        181.854        184.768        1.37967      0.0895447     0.00204983        1.73228      0.0971995
UVW1            2778.51674216287        181.854        184.768        1.41575      0.0905793     0.00197035        1.72974      0.0971288
UVW1            2780.47156628128        181.854        184.768        1.42006      0.0906391     0.00187111        1.75094      0.0977172
UVW1            2780.54587581474        70.6372        71.7692        1.36103       0.142353     0.00181782        1.67803       0.153517
UVW1            2780.61263666907        80.4862        81.7760        1.52618       0.141055     0.00170334        1.98583       0.156338
UVW1            2780.67991320230        70.6264        71.7581        1.53426       0.151184     0.00187457        1.99722       0.167368
UVW1            2780.73183526332        270.430        274.764        1.45114      0.0751990     0.00202570        1.75058      0.0801238
UVW1            2780.79849836091        270.452        274.786        1.43542      0.0747825     0.00196862        1.77587      0.0806923
UVW1            2780.86517152842        270.441        274.775        1.48356      0.0759943     0.00198811        1.81093      0.0814799
UVW1            2780.93253176101        270.430        274.764        1.31585      0.0717422     0.00201176        1.67255      0.0783323
UVW1            2780.99781459570        34.2273        34.7758        1.38267       0.206914     0.00201359        1.94013       0.236990
UVW1            2783.54262009589        253.708        257.773        1.48355      0.0786802     0.00217737        1.93841      0.0870080
UVW1            2783.60541447345        218.275        221.773        1.28018      0.0788051     0.00202990        1.61208      0.0856116
UVW1            2783.67207266716        218.242        221.740        1.43794      0.0832870     0.00194824        1.74927      0.0891576
UVW1            2783.73949677590        228.135        231.791        1.27531      0.0768767     0.00187769        1.70905      0.0862030
UVW1            2783.81147981342        273.373        277.754        1.44796      0.0746517     0.00186749        1.81824      0.0812036
UVW1            2783.87867169874        277.326        281.770        1.31812      0.0708138     0.00190343        1.64846      0.0767976
UVW1            2787.42405840103        219.252        222.766        1.34082      0.0804916     0.00206105        1.75706      0.0891482
UVW1            2787.49142306717        219.252        222.766        1.43379      0.0830840     0.00208035        1.74310      0.0887962
UVW1            2787.55808548024        219.252        222.766        1.42000      0.0831237     0.00258434        1.78691      0.0898959
UVW1            2787.62475536671        219.252        222.766        1.43741      0.0831856     0.00210146        1.72749      0.0884011
UVW1            2787.70472102799        152.329        154.770        1.58279       0.104701     0.00204115        2.06774       0.115938
UVW1            2787.77075982420        162.167        164.766        1.40292      0.0955674     0.00203527        1.72909       0.102837
UVW1            2787.84660898568        63.7418        64.7633        1.01835       0.130024     0.00165347        1.35405       0.145282
UVW1            2787.90978510119        85.3945        86.7629        1.38152       0.130821     0.00207977        1.74938       0.142537
UVW1            2787.98031713674        36.2036        36.7837        1.72676       0.224079     0.00193982        2.30310       0.250845
UVW1            2796.27903906396        143.935        146.241        1.23382      0.0949797     0.00167103        1.58817       0.104648
UVW1            2796.34640891431        142.013        144.289        1.49569       0.104938     0.00155382        1.88806       0.114789
UVW1            2796.41306801001        143.435        145.734        1.44961       0.102860     0.00159973        1.82307       0.112252
UVW1            2796.48042700440        143.967        146.275        1.29598      0.0972973     0.00165842        1.71312       0.108642
UVW1            2796.54710358987        142.393        144.675        1.35321      0.0999814     0.00174495        1.74208       0.110153
UVW1            2796.61375233624        144.880        147.201        1.40181       0.100751     0.00157489        1.88407       0.113528
UVW1            2796.68113437388        141.361        143.627        1.54109       0.106761     0.00156250        1.95801       0.117145
UVW1            2796.74779518275        142.882        145.171        1.37794       0.100453     0.00152354        1.74610       0.110090
UVW1            2796.82212661672        610.347        620.127        1.37026      0.0485593     0.00169583        1.74726      0.0532833
UVW1            2796.88949070917        491.974        499.858        1.42593      0.0550955     0.00160912        1.78940      0.0600539
UVW1            2796.95871501137        175.154        177.961     -0.0466516     0.00590519     0.00165434        0.00000     0.00570925
UVW1            2797.08972456865        570.310        579.449        1.33934      0.0497790     0.00190576        1.70042      0.0543841
UVW1            2797.15665098652        289.520        294.160        1.34280      0.0698725     0.00173917        1.77160      0.0778968
UVW1            2797.22578137135        224.617        228.216        1.51657      0.0841897     0.00172353        1.97899      0.0934249
UVW1            2797.29316651309        220.740        224.277        1.24436      0.0770658     0.00172023        1.61220      0.0851353
UVW1            2797.35981416702        224.084        227.675        1.20940      0.0754783     0.00172446        1.63134      0.0849940
UVW1            2797.42684173677        280.594        285.091        1.37106      0.0717050     0.00179504        1.74734      0.0785870
UVW1            2797.49383589346        224.660        228.260        1.23619      0.0760879     0.00164758        1.62351      0.0846827
UVW1            2797.56051955931        222.662        226.230        1.32942      0.0791687     0.00166229        1.67875      0.0864852
UVW1            2797.62786622159        225.116        228.723        1.46944      0.0827375     0.00164498        1.91181      0.0917381
UVW1            2797.69454714237        222.695        226.263        1.19978      0.0754482     0.00173262        1.65262      0.0858087
UVW1            2797.76154206693        284.080        288.632        1.41337      0.0722349     0.00163646        1.81667      0.0796246
UVW1            2808.05447871983        894.926        909.267        1.38614      0.0404226     0.00196498        1.73749      0.0438813
UVW1            2808.12114679953        894.752        909.091        1.47306      0.0416563     0.00202849        1.80389      0.0447091
UVW1            2808.32705115387        1662.21        1688.84        1.39045      0.0297271     0.00199290        1.79518      0.0327238
UVW1            2808.38850502623        777.118        789.571        1.45398      0.0443820     0.00190774        1.82576      0.0482612
UVW1            2809.72465947038        1005.64        1021.76        1.41948      0.0385418     0.00187547        1.77219      0.0418031
UVW1            2809.79341530148        1005.09        1021.20        1.37907      0.0380155     0.00183822        1.76721      0.0417563
UVW1            2809.86275885114        1022.14        1038.52        1.41284      0.0381204     0.00182822        1.75624      0.0412790
UVW1            2809.92939269589        1027.39        1043.86        1.38962      0.0377925     0.00198090        1.77949      0.0414426
UVW1            2813.34205151396        1590.95        1616.44        1.47196      0.0312455     0.00205000        1.84220      0.0338800
UVW1            2813.40933578322        1604.32        1630.03        1.41961      0.0305519     0.00198274        1.78016      0.0331705
UVW1            2813.47600468341        1603.94        1629.64        1.37073      0.0301124     0.00221827        1.74472      0.0328453
UVW1            2813.62071978860        1203.55        1222.83        1.30027      0.0337710     0.00178829        1.78679      0.0383676
UVW1            2813.66998872533        383.015        389.153        1.43251      0.0630492     0.00236713        1.82944      0.0688124
UVW1            2813.69016568456        730.978        742.692        1.38527      0.0446820     0.00188499        1.74229      0.0486199
UVW1            2813.73846234614        666.248        676.925        1.39780      0.0475500     0.00300886        1.83675      0.0522777
UVW1            2813.75717667816        790.474        803.141        1.39539      0.0431086     0.00182781        1.79646      0.0474696
UVW1            2813.80547429901        489.400        497.243        1.47780      0.0564150     0.00203323        1.81668      0.0606648
UVW1            3476.50833121408        180.877        183.775        1.26315      0.0860374     0.00204251        1.61211      0.0940475
UVW1            3476.57499144739        180.866        183.764        1.33054      0.0883115     0.00209226        1.74258      0.0977517
UVW1            3476.64239314618        180.866        183.764        1.34467      0.0885659     0.00186730        1.76720      0.0984340
UVW1            3476.70906021213        180.866        183.764        1.30283      0.0874254     0.00215289        1.64629      0.0950344
UVW1            3476.77573429747        180.855        183.753        1.28635      0.0869018     0.00212008        1.68224      0.0960609
UVW1            3525.45374695910        72.6026        73.7661        1.33079       0.138931     0.00176874        1.72606       0.153559
UVW1            3525.51359135145        190.704        193.760        1.39447      0.0877031     0.00175989        1.82277      0.0973439
UVW1            3525.58087223675        180.866        183.764        1.41927      0.0908138     0.00178884        1.79549      0.0992121
UVW1            3525.64760415768        190.704        193.760        1.29469      0.0845286     0.00172678        1.66254      0.0930026
UVW1            3525.71557057789        171.039        173.780        1.45929      0.0946241     0.00182088        1.75068       0.100752
UVW1            4333.98492964217        675.359        686.181        1.21819      0.0439783     0.00243027        1.65917      0.0493708
UVW1            4353.24740501167        207.069        210.387        1.16174      0.0862311      0.0119218        2.39274       0.106886
UVW1            4613.19575821236        220.230        223.759        1.36998      0.0810090     0.00192758        1.74495      0.0886455
UVW1            4613.26218514191        180.866        183.764        1.33425      0.0881196     0.00178836        1.69790      0.0965007
UVW1            4729.83020395553        82.4408        83.7619        1.33932       0.135430     0.00513954        1.95400       0.153242
UVW1            4729.89785323665        131.675        133.785        1.30300       0.106153     0.00537742        2.00670       0.122863
UVW1            4729.96351225581        111.977        113.771        1.24217       0.112555     0.00537807        1.82574       0.127138
UVW1            4730.03116761055        279.302        283.778        1.33437      0.0744389     0.00647392        2.06904      0.0856476
UVW1            4730.09714491805        161.190        163.773        1.29020       0.102355      0.0123157        2.62655       0.126856
UVW1            4730.16444171080        151.341        153.766        1.18532      0.0994280     0.00972679        2.19547       0.119818
UVW1            4973.00886744959        115.919        117.776        1.32226       0.109342     0.00149786        1.76326       0.122819
UVW1            4973.07395119965        249.766        253.768        1.16058      0.0699508     0.00158303        1.55699      0.0786637
UVW1            4973.13053359883        227.136        230.776        1.24977      0.0761437     0.00175986        1.58373      0.0831894
UVW1            4973.34033483313        199.565        202.763        1.10145      0.0762622     0.00155553        1.48031      0.0858244
UVW1            7823.88256921619        157.259        159.779        1.09417      0.0860678     0.00191669        1.54858      0.0988705
UVW1            7823.94714192394        157.237        159.757        1.16393      0.0885310     0.00185125        1.52481      0.0981209
UVW1            7824.94328807155        157.248        159.768        1.04250      0.0839511     0.00177821        1.48972      0.0969901
UVW1            7825.01893290319        142.349        144.631        1.19329      0.0995854     0.00674884        1.92947       0.115892
UVW1            7825.07189602265        157.248        159.768        1.13335      0.0873467     0.00177696        1.53759      0.0985249
UVW1            7825.32777715242        78.4810        79.7387        1.39262       0.135977     0.00131699        1.76761       0.149448
UVW1            7825.39458478987        143.460        145.759     -0.0386796     0.00713450     0.00136667        0.00000     0.00697058
