UVW2            2655.68424291816        569.341        591.777       0.182130      0.0196847     0.00132893       0.291428      0.0226090
UVW2            2655.75141016487        569.652        578.781       0.182142      0.0196107     0.00127347       0.296719      0.0228068
UVW2            2659.02721626824        315.704        320.763       0.166557      0.0250805     0.00110941       0.244316      0.0278026
UVW2            2659.09492053324        335.391        340.766       0.219566      0.0272947     0.00103669       0.327048      0.0312029
UVW2            2661.17143901344        527.312        535.762       0.151936      0.0185733     0.00103597       0.243282      0.0214670
UVW2            2663.05063792085        329.484        334.764       0.208477      0.0272602     0.00125393       0.287650      0.0295271
UVW2            2663.12011063099        168.034        170.727       0.150443      0.0341020     0.00155917       0.265164      0.0396997
UVW2            2663.18469149480        325.555        330.772       0.191319      0.0264146     0.00123158       0.312953      0.0309818
UVW2            2665.32261219481        55.2936        56.1796      0.0818306      0.0453162     0.00110665       0.203406      0.0606228
UVW2            2665.38906446379        91.4538        92.9193       0.134297      0.0421529    0.000974606       0.220694      0.0490986
UVW2            2665.99789131805        128.704        130.766       0.111716      0.0342315     0.00135438       0.265210      0.0453657
UVW2            2667.06207378441        547.010        555.776       0.177511      0.0195273     0.00107210       0.270611      0.0222278
UVW2            2670.06057216879        170.142        172.869       0.187105      0.0351462    0.000788793       0.297258      0.0417692
UVW2            2674.07557681715        92.2828        93.7616       0.165329      0.0450662    0.000752863       0.315882      0.0584626
UVW2            2674.14259484783        111.971        113.765       0.209669      0.0455315    0.000771399       0.268225      0.0489128
UVW2            2674.20962418243        92.2952        93.7742       0.161123      0.0444070    0.000717496       0.247887      0.0517945
UVW2            2674.27662637318        111.981        113.776       0.169592      0.0420447    0.000975922       0.275906      0.0496050
UVW2            2674.34348280681        102.122        103.758       0.150210      0.0413321    0.000838838       0.230601      0.0474937
UVW2            2674.41014022380        102.132        103.768       0.178401      0.0446409    0.000865282       0.256504      0.0500846
UVW2            2677.15427747276        103.409        105.066       0.220931      0.0484623    0.000748966       0.296402      0.0535004
UVW2            2677.22128777904        44.3804        45.0915       0.177447      0.0678333    0.000917496       0.291641      0.0810085
UVW2            2678.29561107885        178.906        181.773       0.134393      0.0297863    0.000844519       0.196480      0.0331242
UVW2            2678.36259955121        198.582        201.764       0.155945      0.0301580    0.000851294       0.231973      0.0341595
UVW2            2682.05673959199        138.563        140.784       0.162880      0.0378069     0.00121143       0.308884      0.0471799
UVW2            2682.12409888022        138.541        140.761       0.204053      0.0416922     0.00126480       0.326485      0.0485075
UVW2            2686.68841248238        118.269        120.773       0.173759      0.0438395     0.00185913       0.309199      0.0511028
UVW2            2686.75572678959        118.260        120.765       0.141855      0.0406437     0.00185487       0.368201      0.0557619
UVW2            2686.82240293641        118.268        120.772       0.141841      0.0406929     0.00187583       0.281374      0.0487519
UVW2            2686.88941627415        137.853        140.773       0.168255      0.0402365     0.00190818       0.306471      0.0471247
UVW2            2686.95573227992        79.1042        80.7795       0.201263      0.0567792     0.00185475       0.422741      0.0730482
UVW2            2690.44053214695        111.417        113.776       0.142343      0.0412861     0.00165415       0.272549      0.0494351
UVW2            2690.57477536472        98.6823        100.772       0.222741      0.0529086     0.00184923       0.385765      0.0624802
UVW2            2690.64146417985        98.6815        100.771      0.0836435      0.0380713     0.00207533       0.204610      0.0455184
UVW2            2690.70881932415        98.6821        100.772       0.123288      0.0437403     0.00227174       0.420573      0.0652342
UVW2            2690.77547347313        98.6811        100.771       0.145343      0.0452717     0.00197016       0.379098      0.0619391
UVW2            2690.84283367032        98.6824        100.772       0.246236      0.0553910     0.00194264       0.479246      0.0696286
UVW2            2694.05846936256        39.9327        40.7784       0.196092      0.0794464     0.00193652       0.380209      0.0975107
UVW2            2694.12514129234        39.9326        40.7783       0.244484      0.0869973     0.00199538       0.376290      0.0970076
UVW2            2694.19180744467        39.9247        40.7702       0.147935      0.0714789     0.00193584       0.428206       0.103484
UVW2            2694.25917273294        39.9321        40.7778       0.170278      0.0753516     0.00195622       0.326046      0.0903078
UVW2            2694.32582567120        39.9224        40.7678       0.166592      0.0744173     0.00189350       0.278249      0.0834436
UVW2            2694.39320039237        39.9316        40.7772       0.200160      0.0793068     0.00177210       0.275824      0.0830700
UVW2            2694.92859530868        39.9238        40.7693       0.143551      0.0710362     0.00201478       0.261766      0.0809354
UVW2            2694.99560831813        59.4681        60.7275      0.0787997      0.0480816     0.00204171       0.326029      0.0740004
UVW2            2697.47056920594        181.858        184.772       0.127827      0.0309645     0.00161883       0.249202      0.0369959
UVW2            2697.53724138811        181.859        184.773       0.140822      0.0322403     0.00167110       0.293337      0.0401342
UVW2            2697.60423783679        161.193        163.776       0.112774      0.0319419     0.00179774       0.260589      0.0401825
UVW2            2697.67055265000        142.483        144.766       0.162915      0.0378208     0.00141278       0.291673      0.0452135
UVW2            2701.00778952846        355.078        360.768       0.142531      0.0218388    0.000928901       0.229190      0.0253922
UVW2            2701.07142592594        289.132        293.765       0.186030      0.0270597    0.000881380       0.282801      0.0312538
UVW2            2705.01862925757        332.451        337.778       0.145795      0.0224444    0.000749934       0.204893      0.0248136
UVW2            2705.08597247023        332.448        337.776       0.166893      0.0237916    0.000733360       0.240147      0.0268615
UVW2            2713.59858880006        365.884        371.748       0.141226      0.0217785     0.00111843       0.245280      0.0258766
UVW2            2713.66564067733        385.594        391.773       0.202748      0.0246947     0.00111316       0.313635      0.0284988
UVW2            2719.08363362681        351.138        356.765       0.175032      0.0238349    0.000841234       0.261088      0.0272513
UVW2            2719.14820691431        311.773        316.769       0.164193      0.0244907    0.000784898       0.255593      0.0286149
UVW2            2719.21629216848        351.149        356.776       0.129751      0.0209179    0.000826141       0.228723      0.0255079
UVW2            2723.28613753710        208.409        211.748       0.163685      0.0299061    0.000782545       0.237486      0.0337379
UVW2            2723.35315990308        188.742        191.766       0.200332      0.0342943    0.000739647       0.284700      0.0388122
UVW2            2723.41981598083        188.742        191.767       0.135702      0.0289349    0.000768499       0.245163      0.0360199
UVW2            2723.48716959730        188.753        191.778       0.154925      0.0304502    0.000694184       0.208873      0.0332491
UVW2            2723.55384750711        188.753        191.778       0.172872      0.0319634    0.000683573       0.267821      0.0376445
UVW2            2727.17335871793        25.3609        25.7673       0.135489      0.0790515    0.000792997       0.229495      0.0950755
UVW2            2727.30327970535        153.309        155.766       0.142950      0.0327849    0.000749158       0.266132      0.0416382
UVW2            2727.37011181004        182.835        185.765       0.187494      0.0338029    0.000732063       0.284134      0.0393950
UVW2            2727.44635145972        100.155        101.760       0.132004      0.0393133    0.000789449       0.201347      0.0448157
UVW2            2727.51404067175        159.219        161.770       0.221463      0.0391204    0.000759128       0.291000      0.0427220
UVW2            2727.58025490679        80.4673        81.7568       0.203865      0.0528408    0.000713804       0.261395      0.0569601
UVW2            2727.64188443637        50.9434        51.7598       0.214331      0.0682020    0.000766607       0.334389      0.0809542
UVW2            2727.70877508819        25.3596        25.7660       0.134536      0.0790283    0.000825712       0.197403      0.0881868
UVW2            2727.77549251402        35.2076        35.7718      0.0725191      0.0531175    0.000937116       0.113691      0.0568106
UVW2            2727.84279830614        25.3483        25.7545       0.268687       0.106114    0.000550400       0.395462       0.124788
UVW2            2727.91033515800        172.997        175.769       0.123225      0.0288456    0.000719498       0.171426      0.0314662
UVW2            2731.00153526617        94.2367        95.7468       0.217083      0.0507375    0.000874626       0.286358      0.0550872
UVW2            2731.06637238059        133.623        135.765       0.170440      0.0379785    0.000769412       0.238076      0.0421864
UVW2            2731.46542234253        94.2485        95.7588       0.179492      0.0462611    0.000764342       0.255045      0.0519889
UVW2            2731.53250446683        163.147        165.762       0.136414      0.0313135    0.000817106       0.185436      0.0336990
UVW2            2731.59985941928        163.148        165.762       0.176243      0.0348417    0.000748274       0.261877      0.0400397
UVW2            2735.41722914018        71.6287        72.7765       0.140625      0.0477076    0.000773379       0.221049      0.0555232
UVW2            2735.48632842069        209.386        212.741       0.126650      0.0268012    0.000823959       0.196195      0.0305963
UVW2            2735.55613116222        347.206        352.770       0.166167      0.0235856    0.000929077       0.260527      0.0273758
UVW2            2735.62278991658        347.206        352.770       0.148025      0.0225324    0.000974878       0.269785      0.0278573
UVW2            2735.69015234476        347.110        352.672       0.186384      0.0248647    0.000970133       0.283634      0.0285664
UVW2            2740.36818372551        159.205        161.757       0.105829      0.0286637    0.000868101       0.180489      0.0336559
UVW2            2740.43767943932        278.317        282.777       0.148823      0.0247529    0.000751127       0.210857      0.0275111
UVW2            2740.50466190977        297.016        301.776       0.163030      0.0252338    0.000897722       0.268313      0.0300369
UVW2            2740.57205632376        297.016        301.775       0.189489      0.0267581    0.000797498       0.258497      0.0294831
UVW2            2740.63867039839        297.017        301.777       0.162861      0.0252969    0.000938815       0.253957      0.0292233
UVW2            2740.70537863998        297.007        301.766       0.121978      0.0223695    0.000923928       0.203850      0.0261857
UVW2            2740.77269419050        297.016        301.775       0.171928      0.0259583    0.000973841       0.252641      0.0291476
UVW2            2749.42344039632        183.823        186.769       0.186883      0.0346120     0.00114674       0.313065      0.0412379
UVW2            2749.49044094607        203.511        206.772       0.152890      0.0303701     0.00120553       0.247597      0.0348598
UVW2            2749.55746027268        183.824        186.770       0.182270      0.0347770     0.00138761       0.264098      0.0378800
UVW2            2749.62445692299        203.500        206.761       0.152233      0.0301871     0.00114847       0.258779      0.0356383
UVW2            2749.69113465864        203.512        206.773       0.198387      0.0334266    0.000996160       0.290732      0.0377706
UVW2            2749.75814119773        183.824        186.769       0.208625      0.0360758     0.00105319       0.290365      0.0397168
UVW2            2749.82514940342        203.511        206.772       0.140698      0.0289295     0.00102514       0.239361      0.0342758
UVW2            2749.89183614589        203.512        206.773       0.160971      0.0307307     0.00107763       0.260539      0.0357581
UVW2            2749.96091730520        105.086        106.770       0.106181      0.0362773     0.00111358       0.219162      0.0456442
UVW2            2755.76353271678        562.757        571.775       0.157614      0.0179544    0.000819161       0.248097      0.0209844
UVW2            2755.83078016154        543.058        551.761       0.150899      0.0180257    0.000883127       0.233534      0.0207259
UVW2            2755.89802441001        546.988        555.754       0.143393      0.0175581    0.000871561       0.224777      0.0202608
UVW2            2755.96643792326        487.950        495.770       0.173062      0.0201167    0.000838211       0.276849      0.0238040
UVW2            2760.38612676971        241.897        245.773       0.179204      0.0289237    0.000797107       0.245760      0.0318559
UVW2            2760.45301055023        242.873        246.765       0.173799      0.0281926    0.000660204       0.250837      0.0321181
UVW2            2760.52245265758        341.310        346.779       0.194172      0.0251014    0.000715118       0.273948      0.0283126
UVW2            2760.58936759690        340.311        345.764       0.163082      0.0232363    0.000709983       0.239056      0.0264891
UVW2            2760.85778630106        438.747        445.777       0.195901      0.0222484    0.000728277       0.274182      0.0249823
UVW2            2760.92375512933        242.874        246.766       0.209711      0.0309172    0.000766034       0.297380      0.0349672
UVW2            2760.99353465345        380.673        386.773       0.189393      0.0237430    0.000866521       0.266947      0.0264645
UVW2            2763.07363183098        444.655        451.781       0.137639      0.0191820    0.000898706       0.214175      0.0219358
UVW2            2763.14029977471        444.654        451.780       0.138293      0.0192254    0.000901559       0.224114      0.0224385
UVW2            2763.20766584203        444.655        451.780       0.154464      0.0200767    0.000856406       0.224571      0.0224613
UVW2            2763.27432293631        444.654        451.780       0.188973      0.0220014    0.000902091       0.284883      0.0252947
UVW2            2763.34064005129        385.594        391.773       0.148927      0.0215908     0.00106780       0.235286      0.0246884
UVW2            2763.40799896233        424.968        431.778       0.197638      0.0231633     0.00104531       0.292348      0.0262103
UVW2            2763.47502649762        444.622        451.747       0.162260      0.0206034    0.000914140       0.245592      0.0234888
UVW2            2763.54065078683        346.218        351.766       0.159720      0.0231066    0.000867713       0.237326      0.0261671
UVW2            2765.00382552529        95.2467        96.7730       0.133315      0.0401215    0.000688005       0.239373      0.0501034
UVW2            2765.07091099350        47.0239        47.7775       0.146932      0.0603492    0.000830496       0.316603      0.0819924
UVW2            2765.13790163072        66.6984        67.7672      0.0884867      0.0412493    0.000866965       0.192796      0.0537396
UVW2            2765.20491904858        47.0136        47.7670       0.181976      0.0674097     0.00109653       0.234312      0.0705579
UVW2            2765.27193440404        66.6994        67.7683       0.200184      0.0579705    0.000819373       0.285360      0.0653646
UVW2            2765.33861706220        66.7003        67.7691       0.113040      0.0450811    0.000779985       0.202184      0.0550304
UVW2            2765.40559175564        47.0240        47.7775       0.127663      0.0563736    0.000755395       0.185286      0.0627440
UVW2            2765.47298061801        47.0112        47.7646       0.164520      0.0634894    0.000866250       0.203653      0.0657864
UVW2            2765.53962560603        47.0129        47.7662       0.287241      0.0811400    0.000758761       0.319688      0.0824001
UVW2            2765.60700656055        47.0240        47.7776       0.172933      0.0645578    0.000792918       0.255589      0.0736800
UVW2            2765.67367132800        47.0232        47.7768       0.147288      0.0602919    0.000817023       0.234264      0.0705434
UVW2            2765.74034305848        47.0122        47.7655       0.159897      0.0630571    0.000935000       0.221990      0.0686806
UVW2            2765.80770096648        47.0130        47.7663       0.276763      0.0798394    0.000768458       0.386105      0.0905417
UVW2            2765.87437179778        47.0234        47.7769       0.149414      0.0602888    0.000741607       0.234604      0.0705944
UVW2            2765.94172503054        47.0112        47.7646       0.169559      0.0639778    0.000784823       0.267994      0.0754548
UVW2            2766.01909314329        424.966        431.776       0.146236      0.0200880    0.000873528       0.222269      0.0228578
UVW2            2766.08575620875        424.958        431.768       0.163756      0.0211260    0.000893093       0.251812      0.0243280
UVW2            2768.03345159534        57.8389        58.7658       0.160214      0.0568827    0.000912663       0.398352      0.0829116
UVW2            2768.10045819171        77.5368        78.7793       0.178678      0.0512954    0.000865264       0.324285      0.0646215
UVW2            2768.16748209018        57.8492        58.7762       0.148408      0.0547589    0.000869871       0.178192      0.0554770
UVW2            2768.23450733488        77.5258        78.7681       0.174659      0.0516346     0.00111124       0.232513      0.0547346
UVW2            2768.43484044913        57.8393        58.7662       0.261517      0.0709332     0.00101355       0.311803      0.0733684
UVW2            2768.50221487600        57.8290        58.7557       0.163794      0.0574654    0.000941955       0.207773      0.0599114
UVW2            2768.56888523931        57.8490        58.7760      0.0783085      0.0422685    0.000872003       0.147604      0.0504952
UVW2            2768.63623418659        57.8487        58.7757       0.107791      0.0490222     0.00108460       0.210406      0.0602791
UVW2            2768.70288770134        57.8482        58.7752       0.131090      0.0519758    0.000872253       0.207427      0.0598516
UVW2            2768.76954691391        57.8395        58.7664       0.161631      0.0574691     0.00101952       0.225071      0.0623472
UVW2            2769.90770846279        57.8384        58.7653       0.159436      0.0566699    0.000907814       0.258682      0.0668359
UVW2            2770.04175287206        58.8367        59.7796       0.161960      0.0565979    0.000906575       0.323570      0.0741017
UVW2            2770.10837749206        58.8280        59.7707       0.228609      0.0659914    0.000948709       0.285227      0.0695843
UVW2            2770.17579233134        58.8254        59.7681       0.129904      0.0517785    0.000957786       0.283108      0.0693271
UVW2            2770.71147918841        58.7513        59.6928       0.215383      0.0642484    0.000936521       0.255988      0.0659688
UVW2            2770.77119709738        422.013        428.776       0.171621      0.0214422    0.000769479       0.251380      0.0243919
UVW2            2770.90522403363        422.002        428.765       0.175780      0.0216398    0.000752834       0.232705      0.0234697
UVW2            2770.97049755510        343.276        348.777       0.136994      0.0215367    0.000768626       0.209696      0.0247035
UVW2            2773.04720896622        405.279        411.774       0.181310      0.0223249    0.000708536       0.266301      0.0256175
UVW2            2773.11415848648        385.594        391.773       0.132252      0.0200453    0.000784960       0.207128      0.0231655
UVW2            2773.17583169183        119.843        121.763       0.186126      0.0417716    0.000792118       0.243524      0.0450521
UVW2            2773.24421095941        178.904        181.771       0.110784      0.0274011    0.000818529       0.166987      0.0305393
UVW2            2773.31192869600        237.954        241.768       0.143167      0.0263413    0.000758096       0.226657      0.0308465
UVW2            2773.37997832336        316.704        321.779       0.173206      0.0248302    0.000758001       0.255766      0.0284009
UVW2            2773.92354418617        58.8271        59.7698      0.0610896      0.0381065    0.000848388       0.153135      0.0510025
UVW2            2778.00281002093        89.3524        90.7843       0.165579      0.0456441    0.000703330       0.272547      0.0551935
UVW2            2778.05114811705        222.210        225.771       0.120411      0.0260617     0.00105830       0.227792      0.0320003
UVW2            2778.11882225703        281.260        285.767       0.145058      0.0248137    0.000973349       0.221124      0.0280245
UVW2            2778.18690304877        359.999        365.768       0.178375      0.0239417    0.000964807       0.260269      0.0268716
UVW2            2778.25425832160        360.011        365.780       0.127415      0.0207436    0.000950846       0.230007      0.0252625
UVW2            2778.32093443209        360.009        365.778       0.194214      0.0246479    0.000839796       0.279073      0.0278238
UVW2            2778.38828982459        359.998        365.767       0.187781      0.0243685    0.000893150       0.270241      0.0273810
UVW2            2778.45559969964        362.952        368.768       0.171522      0.0230874    0.000756162       0.241912      0.0258022
UVW2            2778.52226369781        362.954        368.770       0.130762      0.0205631    0.000787783       0.200081      0.0234678
UVW2            2780.47708155168        362.952        368.768       0.188005      0.0240872    0.000773379       0.277888      0.0276519
UVW2            2780.54811753239        141.505        143.773       0.181270      0.0380382    0.000808476       0.246384      0.0417030
UVW2            2780.61516960850        161.184        163.767       0.200149      0.0371520    0.000762176       0.294843      0.0427399
UVW2            2780.68217177456        141.494        143.762       0.230850      0.0424580    0.000822068       0.344828      0.0493263
UVW2            2780.73996019363        540.083        548.738       0.143818      0.0176172    0.000823053       0.228671      0.0205656
UVW2            2780.80663611647        540.115        548.770       0.165049      0.0187345    0.000843242       0.259503      0.0219060
UVW2            2780.87331114570        540.116        548.772       0.174252      0.0191938    0.000852983       0.244789      0.0212766
UVW2            2780.94065125892        540.115        548.770       0.169503      0.0189599    0.000850806       0.242149      0.0211617
UVW2            2780.99898616178        67.6871        68.7718       0.234389      0.0624278     0.00100283       0.339115      0.0707250
UVW2            2783.55027064262        508.615        516.766       0.185829      0.0203047    0.000820730       0.258771      0.0225423
UVW2            2783.61201337120        436.771        443.770       0.172466      0.0211075    0.000760449       0.261354      0.0244467
UVW2            2783.67868153239        436.761        443.760       0.145989      0.0196293    0.000769308       0.225084      0.0226892
UVW2            2783.74638675107        456.457        463.772       0.141496      0.0189089    0.000752914       0.189243      0.0203524
UVW2            2783.81971921586        547.010        555.776       0.208961      0.0206264    0.000813013       0.292338      0.0231018
UVW2            2783.88702117605        554.872        563.764       0.179696      0.0191765    0.000838502       0.250357      0.0212289
UVW2            2787.43067913130        438.747        445.778       0.132289      0.0188620    0.000821832       0.226742      0.0227210
UVW2            2787.49804373411        438.736        445.767       0.151662      0.0201361    0.000906149       0.237891      0.0232725
UVW2            2787.56470634742        438.748        445.779       0.158018      0.0204605    0.000885900       0.241562      0.0234509
UVW2            2787.63137155911        438.735        445.766       0.147635      0.0199380    0.000926030       0.231283      0.0229474
UVW2            2787.70940990979        305.877        310.778       0.130758      0.0226566    0.000905902       0.247974      0.0284561
UVW2            2787.84827358369        61.2583        62.2400       0.180811      0.0581185    0.000897864       0.277987      0.0673202
UVW2            2787.91246883897        171.020        173.761       0.201877      0.0366493    0.000955449       0.291974      0.0412905
UVW2            2787.98155281087        72.6179        73.7816       0.145640      0.0483825    0.000845589       0.193019      0.0515324
UVW2            2815.35871692374        1591.57        1617.07       0.135943     0.00999563    0.000794777       0.222491      0.0118172
UVW2            2815.42538219178        1591.66        1617.16       0.165494      0.0108744    0.000780298       0.261471      0.0128091
UVW2            2815.49239389598        1533.00        1557.56       0.133599      0.0100964    0.000782440       0.227619      0.0121787
UVW2            2815.62607815210        1591.39        1616.90       0.149873      0.0104183    0.000791314       0.237582      0.0122117
UVW2            2815.68580028089        1709.57        1736.97       0.146210     0.00996786    0.000815552       0.228406      0.0115525
UVW2            2815.76010156842        1591.87        1617.38       0.161718      0.0107434    0.000757105       0.239998      0.0122717
UVW2            3476.51382022025        361.960        367.760       0.158187      0.0225541    0.000894333       0.244022      0.0259498
UVW2            3476.58048236882        361.971        367.771      0.0792454      0.0169443    0.000858378       0.152819      0.0205397
UVW2            3476.64788355725        361.971        367.771       0.165564      0.0229143    0.000841288       0.279224      0.0277558
UVW2            3476.71454711119        361.938        367.738       0.125465      0.0205142    0.000929622       0.213767      0.0242904
UVW2            3476.78122426197        361.971        367.771       0.183027      0.0240315    0.000892540       0.285817      0.0280811
UVW2            3525.45604318567        145.444        147.775       0.148114      0.0342845    0.000792872       0.209242      0.0379107
UVW2            3525.51936843852        381.647        387.763       0.126315      0.0196579    0.000730391       0.231569      0.0246191
UVW2            3525.58636437031        361.982        367.782       0.151952      0.0218457    0.000718355       0.234357      0.0254306
UVW2            3525.65338730998        381.658        387.774       0.145220      0.0208658    0.000724889       0.226052      0.0243240
UVW2            3525.72079276247        342.294        347.780       0.136464      0.0213869    0.000693944       0.223571      0.0255434
UVW2            4315.45440240530        670.505        681.250       0.117570      0.0149167     0.00109887       0.244435      0.0190823
UVW2            4315.58847914031        662.003        672.611       0.147769      0.0165340     0.00114674       0.256339      0.0196659
UVW2            4613.20240663271        440.720        447.782       0.158236      0.0204283    0.000884275       0.246017      0.0236129
UVW2            4613.26767708454        361.971        367.771       0.202230      0.0250173    0.000831111       0.291855      0.0283758
UVW2            4729.83280569362        165.131        167.778       0.169603      0.0368219     0.00187798       0.300977      0.0426622
UVW2            4729.90188944573        263.546        267.769       0.112439      0.0246903     0.00168115       0.271563      0.0320796
UVW2            4729.96697543049        224.182        227.775       0.224430      0.0351780     0.00181609       0.392667      0.0418128
UVW2            4730.03956214245        558.821        567.776       0.146449      0.0183689     0.00145854       0.287055      0.0226492
UVW2            4730.10205246042        322.607        327.777       0.155660      0.0257481     0.00201663       0.326670      0.0317968
UVW2            4730.16905976692        302.920        307.774       0.161681      0.0268353     0.00195039       0.328404      0.0329006
UVW2            4973.01244159183        232.055        235.773       0.139926      0.0262890    0.000701809       0.252638      0.0329758
UVW2            4973.08146616258        499.770        507.779       0.131524      0.0176050    0.000812000       0.223162      0.0211201
UVW2            4973.13737496594        453.511        460.779       0.160110      0.0203742    0.000970473       0.259381      0.0239006
UVW2            4973.34637050377        399.369        405.769       0.142737      0.0202667    0.000733362       0.245298      0.0247690
