V               2655.68859725632        145.444        147.775        85.4300        1.13485      0.0265888        97.5574       0.622917
V               2655.75567083480        142.480        144.763        82.5370        1.14801      0.0372192        97.2774       0.629000
V               2659.02959605260        78.5099        79.7680        66.0210        1.24549      0.0185916        76.4737       0.800135
V               2659.09744634107        83.4399        84.7770        92.1174        1.53370      0.0199975        100.914       0.827860
V               2661.17538472917        131.664        133.774        88.4798        1.20867      0.0244282        99.2679       0.656959
V               2663.05312350299        82.4408        83.7619        89.4500        1.56116      0.0301202        101.380       0.833584
V               2663.12140398053        42.1000        42.7746        88.9936        2.14857      0.0356782        99.8870        1.16320
V               2663.18714718428        81.4635        82.7690        68.5491        1.44762      0.0400917        92.3787       0.822868
V               2665.99889172660        32.2618        32.7788        88.7302        2.47450      0.0349150        100.530        1.33041
V               2667.06616041204        136.583        138.772        87.1159        1.19165      0.0261362        99.3740       0.645154
V               2674.07630223455        22.4128        22.7720        87.8503        2.91329      0.0161692        98.6154        1.59024
V               2674.14346628077        27.3427        27.7809        88.6517        2.73009      0.0158940        101.757        1.44844
V               2674.21034997422        22.4019        22.7609        87.5157        2.91450      0.0154117        98.5622        1.59046
V               2674.27749819262        27.3319        27.7699        85.3704        2.57980      0.0155014        96.2101        1.43291
V               2674.34429001063        25.3773        25.7840        87.7063        2.78890      0.0160086        100.193        1.49909
V               2674.41094104620        25.3447        25.7508        86.5013        2.80670      0.0159253        100.486        1.50089
V               2678.29699118389        45.0536        45.7756        86.8121        2.03011      0.0158032        97.3673        1.11878
V               2678.36411354784        48.9954        49.7805        87.2695        1.92162      0.0153598        96.3283        1.07049
V               2682.05781029863        34.2273        34.7758        91.1185        2.44999      0.0214166        102.634        1.29666
V               2682.12517508352        34.2273        34.7758        91.9904        2.46433      0.0217646        103.329        1.29825
V               2686.68934304733        29.1493        29.7666        84.8997        2.27217      0.0451168        96.9309        1.49222
V               2686.75665104482        29.1411        29.7582        89.2674        2.37962      0.0416820        102.556        1.51577
V               2686.82332743751        29.1575        29.7750        84.1032        2.24607      0.0423306        95.5439        1.48592
V               2686.89048653049        34.0541        34.7753        89.9975        2.20426      0.0460506        102.721        1.40277
V               2686.95636488497        19.3562        19.7661        87.7390        2.85501      0.0428509        99.7909        1.84609
V               2690.44140313938        27.2022        27.7783        85.5816        2.33927      0.0426208        96.2228        1.54150
V               2690.57555347774        24.2527        24.7664        84.9587        2.53182      0.0512930        98.9579        1.64543
V               2690.64224195853        24.2610        24.7747        86.6512        2.55819      0.0413379        100.215        1.65088
V               2690.70960336225        24.2692        24.7831        90.0350        2.61351      0.0544916        102.837        1.66217
V               2690.77625139896        24.2527        24.7664        82.3139        2.46020      0.0488111        95.5230        1.62916
V               2690.84361183131        24.2610        24.7747        88.8413        2.58057      0.0442368        101.248        1.65550
V               2694.05881473189        9.57951        9.78238        80.0880        3.77804      0.0399155        91.2507        2.55796
V               2694.12548753573        9.57949        9.78236        90.7136        4.24152      0.0522053        105.239        2.66184
V               2694.19215257047        9.57951        9.78238        86.0913        4.00199      0.0397765        98.0961        2.61175
V               2694.25951834815        9.57128        9.77398        88.5580        4.11791      0.0503804        101.532        2.63771
V               2694.32617076160        9.57130        9.77400        88.7037        4.12366      0.0524097        101.703        2.63891
V               2694.39354567090        9.57949        9.78236        90.5332        4.12661      0.0488432        101.853        2.63883
V               2694.92893529264        9.57953        9.78240        90.4639        4.13495      0.0361939        102.096        2.64052
V               2694.99609396188        14.4678        14.7742        89.4868        3.35554      0.0375777        101.758        2.14670
V               2697.47195608867        45.0536        45.7756        86.7068        2.05263      0.0421096        98.4489        1.12125
V               2697.53863375401        45.0536        45.7756        89.8154        2.14791      0.0340705        102.938        1.13079
V               2697.60547818942        40.1237        40.7667        88.1291        2.19036      0.0360452        99.2993        1.19014
V               2697.67165228445        35.2046        35.7687        89.8725        2.36477      0.0274554        100.576        1.27370
V               2701.01046122843        88.3481        89.7638        92.4580        1.50748      0.0149985        101.919       0.806032
V               2701.07360829599        71.6145        72.7621        90.0830        1.64043      0.0146137        99.6296       0.891412
V               2705.02113257768        82.4517        83.7730        88.4718        1.50444      0.0146363        97.9059       0.827921
V               2705.08847452700        82.4517        83.7730        89.5849        1.53159      0.0148727        99.6784       0.830845
V               2713.60134330206        91.3017        92.7648        86.3285        1.42807      0.0222191        97.4332       0.786010
V               2713.66854055971        96.2317        97.7738        88.8634        1.42239      0.0246747        99.8706       0.769348
V               2719.08628724795        87.3708        88.7709        91.7301        1.49707      0.0145215        100.684       0.808674
V               2719.15055694617        77.5326        78.7750        88.3356        1.58435      0.0144647        99.6903       0.856817
V               2719.21893512877        87.3708        88.7709        88.6139        1.48384      0.0143959        99.2423       0.806431
V               2723.28772783512        51.9273        52.7594        88.9775        1.92715      0.0144240        99.4241        1.04642
V               2723.35460457113        47.0191        47.7725        87.6165        1.99672      0.0138342        97.9231        1.09639
V               2723.42126090359        47.0191        47.7726        85.6586        1.96021      0.0143770        95.9565        1.09189
V               2723.48861445393        46.9974        47.7505        88.9032        2.06213      0.0144557        100.949        1.10315
V               2723.55529236468        47.0191        47.7725        87.2964        1.99677      0.0142686        97.8667        1.09627
V               2727.17370844539        25.3773        25.7840        92.1774        2.78884      0.0144165        101.126        1.50174
V               2727.30513734045        153.317        155.774        88.3395        1.11283      0.0145362        98.6221       0.608025
V               2727.37232016167        182.831        185.761        86.8544        1.01297      0.0146831        97.8175       0.555885
V               2727.44758083159        100.163        101.768        90.2634        1.39329      0.0148651        100.052       0.754363
V               2727.51596974162        159.213        161.765        84.2928        1.05791      0.0144685        95.1186       0.592292
V               2727.58125193929        80.4862        81.7760        86.7939        1.51262      0.0145342        96.9981       0.836400
V               2727.64253815031        50.9500        51.7665        87.8320        1.91877      0.0148212        97.9993        1.05341
V               2727.70912488690        25.3664        25.7729        86.1499        2.69969      0.0153896        97.0552        1.49004
V               2727.77595398901        35.2046        35.7687        94.6114        2.45196      0.0143974        104.668        1.28305
V               2727.84314893791        25.3664        25.7729        88.2517        2.69241      0.0150995        97.2277        1.49057
V               2727.91242117761        172.993        175.765        89.0872        1.05205      0.0147021        99.1384       0.572990
V               2731.00269536441        94.2553        95.7657        92.3598        1.44267      0.0143717        100.913       0.778915
V               2731.06799830496        133.641        135.782        86.7230        1.18892      0.0148512        98.0956       0.650559
V               2731.46658154158        94.2445        95.7547        88.2350        1.41759      0.0144606        98.4918       0.775310
V               2731.53447881714        163.155        165.770        91.2753        1.09651      0.0149620        100.657       0.591744
V               2731.60183517355        163.155        165.770        89.7050        1.07729      0.0148882        98.7954       0.589612
V               2735.41780324094        17.4828        17.7630        87.8578        3.24489      0.0156671        97.1959        1.79535
V               2735.48792439932        51.9381        52.7704        90.2098        1.93124      0.0151164        99.8812        1.04724
V               2735.55874462985        86.3826        87.7669        90.8508        1.50253      0.0153947        100.313       0.812713
V               2735.62540299864        86.3826        87.7669        88.8602        1.48000      0.0150660        98.5837       0.809972
V               2735.69276573788        86.3826        87.7669        92.9879        1.51097      0.0153775        101.297       0.814219
V               2740.36941195093        40.1345        40.7777        89.3101        2.18566      0.0157343        99.2492        1.18986
V               2740.43978308374        69.6490        70.7652        90.5834        1.67968      0.0157247        100.579       0.905549
V               2740.50690691127        74.5790        75.7741        89.7716        1.60797      0.0158584        99.5945       0.873456
V               2740.57430087961        74.5681        75.7631        89.7154        1.61068      0.0161960        99.7224       0.873737
V               2740.64091481874        74.5681        75.7631        88.7608        1.59627      0.0154749        98.7451       0.872060
V               2740.70762344217        74.5790        75.7741        87.7792        1.57462      0.0151694        97.3720       0.869569
V               2740.77494455688        74.5790        75.7741        89.5760        1.60625      0.0152985        99.4575       0.873223
V               2749.42484905338        46.0309        46.7686        89.9958        2.06025      0.0180259        100.221        1.11314
V               2749.49199696211        50.9500        51.7665        86.2238        1.91216      0.0181616        97.4151        1.05215
V               2749.55886943173        46.0309        46.7686        92.1429        2.07454      0.0182936        101.301        1.11540
V               2749.62601267966        50.9609        51.7775        91.9113        1.97948      0.0190334        101.586        1.06064
V               2749.69268479152        50.9500        51.7665        90.3301        1.99666      0.0179967        101.957        1.06147
V               2749.75955074420        46.0309        46.7685        91.7655        2.05908      0.0172622        100.570        1.11388
V               2749.82670592936        50.9500        51.7665        94.8267        2.04025      0.0183281        104.836        1.06683
V               2749.89339636732        50.9500        51.7665        94.0281        2.01408      0.0172766        103.543        1.06447
V               2749.96174187399        26.3654        26.7879        90.1629        2.72424      0.0247646        100.361        1.47120
V               2760.38796314364        60.7882        61.7623        90.8797        1.79153      0.0154368        100.338       0.968861
V               2760.45485771773        60.7990        61.7733        88.3073        1.76417      0.0157963        98.4768       0.965254
V               2760.52502513537        85.3945        86.7629        88.1302        1.49175      0.0156451        98.6239       0.814710
V               2760.59193439176        85.4054        86.7740        83.1231        1.44155      0.0156076        94.7664       0.808062
V               2760.86107655847        110.012        111.775        87.1345        1.31464      0.0156441        98.4558       0.717550
V               2760.92559820926        60.7990        61.7733        88.8888        1.77191      0.0158296        98.9736       0.966210
V               2760.99640453793        95.2435        96.7698        91.2380        1.44600      0.0160174        101.297       0.775419
V               2763.07698183926        110.989        112.767        85.4463        1.31488      0.0160237        98.5710       0.714549
V               2763.14363299822        111.000        112.779        89.3672        1.33223      0.0158219        100.430       0.717110
V               2763.21101074666        110.989        112.767        91.5176        1.33954      0.0159060        101.362       0.718401
V               2763.27765584039        110.989        112.767        85.7683        1.28116      0.0163160        96.3484       0.711280
V               2763.34354063263        96.2208        97.7627        91.0496        1.44092      0.0158489        101.388       0.771602
V               2763.41119152121        106.070        107.770        88.5646        1.34182      0.0160827        98.9278       0.731450
V               2763.47835844290        110.989        112.767        88.0667        1.32812      0.0161106        99.9038       0.716423
V               2763.54325869819        86.3826        87.7669        90.3556        1.51593      0.0159197        100.965       0.813715
V               2765.00457476173        23.3901        23.7649        90.6812        2.86938      0.0153878        99.7379        1.56011
V               2765.07130873716        11.5756        11.7611        88.1144        4.02125      0.0157072        97.9687        2.20990
V               2765.13844559761        16.5055        16.7700        94.0480        3.45652      0.0153563        101.568        1.86362
V               2765.20531685371        11.5756        11.7611        92.5797        4.25666      0.0152035        103.803        2.23425
V               2765.27247312898        16.5055        16.7700        93.1244        3.53759      0.0167851        103.293        1.86940
V               2765.33916127356        16.5055        16.7700        93.8118        3.55195      0.0155461        103.793        1.87103
V               2765.40598439146        11.5756        11.7611        90.8670        4.04285      0.0147615        99.0254        2.21459
V               2765.47337856470        11.5756        11.7611        92.0316        4.21216      0.0155631        102.786        2.23027
V               2765.54002398998        11.5430        11.7280        90.9654        4.09616      0.0156708        100.047        2.22213
V               2765.60739926016        11.5865        11.7721        92.8335        4.12660      0.0162751        101.285        2.22315
V               2765.67406460689        11.5756        11.7611        87.5386        4.05723      0.0146898        98.6217        2.21281
V               2765.74074106338        11.5864        11.7721        87.5548        3.94672      0.0148824        96.2776        2.20110
V               2765.80809909431        11.5865        11.7721        85.8412        3.88293      0.0152923        94.5312        2.19273
V               2765.87476405362        11.5973        11.7831        88.2908        4.05445      0.0158059        98.7954        2.21151
V               2765.94211799698        11.5973        11.7832        89.6581        4.04300      0.0161032        98.8417        2.21171
V               2766.02228347957        106.059        107.759        88.8791        1.34642      0.0161773        99.2831       0.732000
V               2766.08894825494        106.059        107.759        71.0985        1.28406      0.0160808        93.4227       0.722928
V               2768.03392570419        14.5509        14.7841        90.8308        3.63785      0.0155553        99.7709        1.97812
V               2768.10107864067        19.4592        19.7710        91.0655        3.16795      0.0163363        100.427        1.71271
V               2768.16796769528        14.5401        14.7731        87.6514        3.54238      0.0154752        96.7702        1.96691
V               2768.23512765719        19.4483        19.7600        91.2551        3.19767      0.0154866        101.236        1.71579
V               2768.43531449186        14.5401        14.7731        90.5021        3.72396      0.0161551        101.668        1.98595
V               2768.50268840464        14.5509        14.7841        88.0646        3.61114      0.0152274        98.5442        1.97335
V               2768.56935877772        14.5292        14.7620        89.7771        3.69344      0.0149306        100.769        1.98337
V               2768.63670874853        14.5292        14.7621        91.2568        3.75285      0.0157815        102.459        1.98954
V               2768.70336801279        14.5292        14.7620        92.0585        3.68311      0.0165333        101.052        1.98443
V               2768.77002076386        14.5292        14.7621        93.2137        3.73013      0.0158451        102.399        1.98933
V               2769.90818206407        14.5292        14.7620        89.2690        3.60205      0.0164764        98.5202        1.97473
V               2770.04223228712        14.5401        14.7731        88.1969        3.70082      0.0162835        100.670        1.98226
V               2770.10885778908        14.5292        14.7621        90.7215        3.71865      0.0146817        101.552        1.98627
V               2770.17627838999        14.5292        14.7620        89.5724        3.67863      0.0160013        100.388        1.98194
V               2770.77436463814        105.093        106.777        88.9691        1.35666      0.0154052        99.5555       0.735750
V               2770.90838576341        105.093        106.777        88.6723        1.34754      0.0158504        98.9165       0.734827
V               2770.97308158595        85.3945        86.7629        90.8480        1.52771      0.0153954        101.240       0.818829
V               2773.05024855770        101.151        102.772        88.9548        1.38269      0.0155779        99.5438       0.749932
V               2773.11705893977        96.2425        97.7848        89.8937        1.43849      0.0158135        101.004       0.770963
V               2773.17677374510        30.2855        30.7708        90.9866        2.55753      0.0164668        101.017        1.37439
V               2773.24559062719        45.0645        45.7866        89.4864        2.07533      0.0155505        99.8117        1.12413
V               2773.31373557309        59.8000        60.7583        89.6758        1.80363      0.0157738        99.9505       0.976108
V               2773.38229763787        65.1860        66.2306        90.3559        1.72679      0.0151648        100.059       0.935108
V               2773.92402410507        14.5292        14.7620        85.9639        3.48780      0.0148405        95.0592        1.96041
V               2778.00352285104        22.4237        22.7830        94.0006        3.11516      0.0152889        105.696        1.61039
V               2778.05283227190        54.8918        55.7714        88.2034        1.84168      0.0155899        97.7554        1.01438
V               2778.12094486039        69.6490        70.7651        91.1207        1.68522      0.0159469        100.981       0.906235
V               2778.18960972596        89.3362        90.7678        90.5024        1.47865      0.0160066        100.306       0.799154
V               2778.25697642332        89.3363        90.7678        89.9078        1.45545      0.0155665        98.8201       0.796845
V               2778.32364015514        89.3362        90.7678        90.4847        1.49035      0.0153968        100.972       0.800160
V               2778.39099612646        89.3362        90.7678        90.1579        1.45828      0.0152211        99.0397       0.797192
V               2778.45833032625        90.3244        91.7718        90.0920        1.46089      0.0156897        99.6507       0.793769
V               2778.52499290928        90.3244        91.7718        88.5984        1.42707      0.0151717        97.3167       0.790060
V               2780.47981128329        90.3244        91.7718        88.4381        1.45914      0.0154302        99.1989       0.793068
V               2780.54921678500        35.2046        35.7687      -0.431607      0.0302049      0.0151969        0.00000      0.0284054
V               2780.61640867637        40.1128        40.7556        98.0056        2.35423      0.0154106        107.622        1.20773
V               2780.68326489907        35.2154        35.7797        16.6388       0.752049      0.0152134        20.0228       0.717261
V               2780.74399893032        134.607        136.764        85.2232        1.16596      0.0152854        96.4449       0.646004
V               2780.81067415886        134.629        136.786        90.8447        1.20976      0.0154395        100.750       0.651540
V               2780.87734981626        134.607        136.764        88.7228        1.18150      0.0157292        98.2594       0.648435
V               2780.94468948944        134.618        136.775        88.6365        1.18262      0.0154799        98.3253       0.648495
V               2780.99953031680        16.5055        16.7700        98.7502        3.55951      0.0154043        105.329        1.87589
V               2783.55407058494        126.745        128.776        88.7371        1.23840      0.0155943        99.7224       0.670180
V               2783.61528759822        109.023        110.771        91.2109        1.33944      0.0152252        100.520       0.723705
V               2783.68195575103        109.034        110.782        88.8100        1.32615      0.0152665        99.1484       0.721753
V               2783.74980713008        113.953        115.779        89.7584        1.29527      0.0154959        99.2222       0.706105
V               2783.82381184725        136.562        138.750        90.9605        1.20422      0.0154725        100.992       0.647207
V               2783.89117248263        138.549        140.769        88.5014        1.16715      0.0156835        98.4043       0.639330
V               2787.43397723977        109.023        110.771        94.0496        1.36470      0.0151260        102.789       0.726726
V               2787.50132990256        109.023        110.771        91.1580        1.34794      0.0155969        101.049       0.724426
V               2787.56799237896        109.013        110.759        91.3987        1.35841      0.0154279        101.757       0.725411
V               2787.63465798739        109.023        110.771        89.5169        1.33201      0.0156430        99.6734       0.722530
V               2787.71172546409        76.5228        77.7490        91.2052        1.61493      0.0150571        101.374       0.865208
V               2787.91377987433        42.1000        42.7747        89.5405        2.12097      0.0150766        98.7686        1.16065
V               2787.98213776015        17.4937        17.7740        91.9552        3.34891      0.0153753        100.826        1.80772
V               2820.43944860063        515.516        523.777        91.0071       0.614277      0.0148226        100.237       0.332634
V               2820.50621507131        535.181        543.757        90.1653       0.605138      0.0149949        100.368       0.326547
V               2820.57345522800        515.505        523.766        91.4853       0.622410      0.0149251        101.465       0.333405
V               3476.51653509820        90.3244        91.7718        85.5658        1.40693      0.0152547        95.4898       0.787001
V               3476.58320733439        90.3353        91.7829        84.1633        1.39036      0.0150928        94.2138       0.784734
V               3476.65059868991        90.3353        91.7829        86.3877        1.45296      0.0152411        98.4525       0.791845
V               3476.71726249997        90.3244        91.7718        88.8906        1.44153      0.0149814        98.2438       0.791560
V               3476.78394009732        90.3244        91.7718        84.6901        1.41765      0.0150443        96.0024       0.787874
V               3525.45716135437        36.1927        36.7727        87.1595        2.25205      0.0143511        96.9268        1.24709
V               3525.52222793084        95.2543        96.7808        87.4722        1.41900      0.0146308        98.8937       0.771807
V               3525.58908052463        90.3244        91.7718        91.3429        1.48799      0.0144746        101.491       0.796539
V               3525.65624776063        95.2543        96.7808        87.7050        1.42930      0.0148429        99.5669       0.772829
V               3525.72336149123        85.4162        86.7850        90.4484        1.50407      0.0149069        99.8267       0.816535
V               4613.20570393093        110.012        111.775        81.3828        1.21235      0.0139773        90.3790       0.704667
V               4613.27039343072        90.3244        91.7718        84.2524        1.38548      0.0142460        93.9110       0.784244
V               4729.83408060856        41.1227        41.7817        84.9160        2.15857      0.0506227        98.5830        1.17393
V               4729.90387786133        65.7290        66.7822        84.1331        1.66700      0.0447706        96.3233       0.924227
V               4729.96867493400        55.8908        56.7864        86.1562        1.83244      0.0480191        97.8824        1.00554
V               4730.04372936813        139.537        141.773        83.2061        1.12646      0.0352091        94.7604       0.632175
V               4730.10447823443        80.4862        81.7760        82.0685        1.48691      0.0465439        94.8595       0.832561
V               4730.17134118080        75.5563        76.7671        87.3134        1.58521      0.0493793        98.6170       0.866117
V               4973.01420487976        57.8454        58.7724        80.6103        1.67293      0.0137203        90.3226       0.971646
V               4973.08519711485        124.780        126.779        81.9959        1.15902      0.0140538        92.0634       0.664377
V               4973.14076311933        112.954        114.764        80.6668        1.19620      0.0139835        90.2584       0.695219
V               4973.34936075704        99.1635        100.753        82.5800        1.31573      0.0138600        93.2048       0.747265
