U               2655.67812192021        145.455        147.786        3.39108       0.164709      0.0133956        4.99807       0.183163
U               2655.74541494390        142.501        144.785        3.40434       0.166217      0.0131141        4.78839       0.181220
U               2655.81213818816        144.456        146.771        3.63311       0.170119      0.0129241        5.09409       0.185508
U               2659.02384482371        78.5208        79.7790        3.41025       0.223210      0.0122316        4.72610       0.242575
U               2659.09135301504        83.4507        84.7880        3.57466       0.222092      0.0131464        4.92885       0.240177
U               2661.16588441376        131.664        133.774        3.52089       0.174761      0.0118083        4.87052       0.190103
U               2663.04712198954        82.4517        83.7730        3.56362       0.224711      0.0145913        5.17660       0.247476
U               2663.11825646926        42.1108        42.7857        3.79819       0.335884      0.0249714        5.86151       0.367869
U               2663.18121130671        81.4744        82.7800        3.09507       0.212387      0.0148427        4.74843       0.238687
U               2665.99643179402        32.2618        32.7788        3.55541       0.377149      0.0269008        6.17602       0.431083
U               2667.05630478496        136.594        138.783        3.26078       0.165637      0.0119020        4.62700       0.182023
U               2670.05861877743        47.0191        47.7725        3.38522       0.285481      0.0106523        4.58328       0.308808
U               2674.07452400634        22.4236        22.7830        3.47371       0.418101      0.0102145        4.76945       0.455956
U               2674.14133222820        27.3427        27.7809        3.15979       0.361982      0.0104874        4.26218       0.390815
U               2674.20855354937        22.4236        22.7830        4.35569       0.466304      0.0102290        5.77346       0.500430
U               2674.27535845712        27.3427        27.7809        3.14399       0.362232      0.0106704        4.50133       0.401396
U               2674.34230778785        25.3773        25.7839        3.92407       0.415971      0.0102592        5.07484       0.441782
U               2674.40897082724        25.3664        25.7729        4.01658       0.419950     0.00985581        5.09606       0.442776
U               2678.29363412410        45.0645        45.7866        2.92231       0.272508      0.0106013        4.23657       0.303524
U               2678.36043807818        48.9954        49.7806        3.55357       0.287040      0.0109615        5.00679       0.315858
U               2682.05519272573        34.2381        34.7868        3.23465       0.328207      0.0111399        4.45097       0.356738
U               2682.12255272176        34.2273        34.7758        3.81857       0.355325      0.0119373        4.90653       0.374195
U               2686.68705714773        29.1657        29.7834        3.03871       0.387401      0.0391443        6.43984       0.464444
U               2686.75439500436        29.1657        29.7834        3.36401       0.400218      0.0377935        6.53078       0.467633
U               2686.82106581377        29.1575        29.7750        3.76318       0.417877      0.0368694        7.17771       0.489733
U               2686.88786921836        34.0541        34.7753        3.35154       0.370446      0.0381779        6.54795       0.433325
U               2686.95478419540        19.3644        19.7745        3.80524       0.517946      0.0388694        7.23704       0.603354
U               2690.43926993432        27.1940        27.7699      -0.196273       0.177513      0.0359862        1.65557       0.246008
U               2690.57364763925        24.2692        24.7831        2.95168       0.419132      0.0383051        6.44191       0.509226
U               2690.64031203836        24.2610        24.7748        2.78527       0.411998      0.0393837        6.23867       0.501401
U               2690.70766722737        24.2692        24.7832        3.30553       0.449656      0.0462381        7.29476       0.541035
U               2690.77433905425        24.2692        24.7832        2.74700       0.413321      0.0408856        6.71596       0.519682
U               2690.84170545870        24.2692        24.7831        2.96050       0.421711      0.0399616        6.22228       0.500672
U               2694.05792789068        9.57953        9.78240        4.17789       0.775751      0.0429001        8.26272       0.914869
U               2694.12461098796        9.57951        9.78238        3.41080       0.720146      0.0461961        6.44495       0.810711
U               2694.19126587501        9.57130        9.77400        3.01178       0.673214      0.0393385        6.06326       0.787228
U               2694.25863709068        9.57951        9.78238        1.68531       0.568281      0.0449447        4.77237       0.699769
U               2694.32528906735        9.57128        9.77398        3.09635       0.677610      0.0385819        6.05775       0.786879
U               2694.39267048240        9.57951        9.78238        4.00549       0.748669      0.0370491        7.59916       0.878445
U               2694.92806995986        9.57128        9.77398        3.40748       0.711467      0.0405147        7.22289       0.857385
U               2694.99487973843        14.4761        14.7827        2.64246       0.525057      0.0407626        5.75768       0.624129
U               2697.46857508551        45.0536        45.7756        3.45428       0.312072      0.0245836        5.77885       0.353207
U               2697.53524113074        45.0536        45.7756        3.36733       0.308281      0.0248312        5.38417       0.341260
U               2697.60246488638        40.1345        40.7777        3.09470       0.319733      0.0271875        5.77061       0.373967
U               2697.66897686524        35.2154        35.7798        3.37277       0.347142      0.0229152        5.57458       0.392581
U               2701.00401328970        88.3589        89.7749        3.26709       0.204093     0.00976760        4.43434       0.221658
U               2701.06834020372        71.6362        72.7842        3.43572       0.232119     0.00968534        4.65554       0.252104
U               2705.01509601111        82.4517        83.7730        3.37521       0.214854     0.00971980        4.73862       0.237028
U               2705.08243872598        82.4517        83.7730        3.26305       0.211119     0.00967164        4.45715       0.230038
U               2713.59470037278        91.3126        92.7758        3.93090       0.219383     0.00995241        5.14434       0.234447
U               2713.66152692912        96.2425        97.7848        3.33295       0.197773      0.0101435        4.56974       0.215533
U               2719.07990392391        87.3817        88.7819        3.42282       0.209849     0.00968733        4.66031       0.228378
U               2719.14487128891        77.5326        78.7751        3.70962       0.231624     0.00975002        5.01791       0.251361
U               2719.21255525341        87.3382        88.7378        3.46565       0.211214     0.00981920        4.68948       0.229132
U               2723.28387589008        51.9490        52.7815        3.40651       0.271576     0.00990237        4.57575       0.293554
U               2723.35109606432        47.0299        47.7836        3.28138       0.280482     0.00947986        4.64714       0.310868
U               2723.41775846202        47.0191        47.7725        3.28404       0.280113     0.00966377        4.37036       0.301706
U               2723.48511131015        47.0299        47.7836        3.96724       0.306835     0.00994310        5.10837       0.325565
U               2723.55178424064        47.0299        47.7836        3.78331       0.300266      0.0100503        4.99380       0.321983
U               2727.17475970183        25.3664        25.7729        3.72552       0.406459      0.0100016        5.12214       0.443879
U               2727.31071847863        153.306        155.763        3.54789       0.161349     0.00985093        4.87517       0.176257
U               2727.37894917186        182.842        185.772        3.42879       0.145340     0.00977460        4.74666       0.159302
U               2727.45127628511        100.173        101.779        3.61098       0.201351     0.00997244        4.91291       0.218868
U               2727.52176023740        159.235        161.787        3.45704       0.156521      0.0101915        4.72475       0.170317
U               2727.58426083624        80.4862        81.7760        3.63858       0.225641      0.0100299        5.04744       0.247413
U               2727.64450204838        50.9609        51.7775        3.15071       0.264113      0.0100206        4.16881       0.283179
U               2727.71017001336        25.3773        25.7839        3.59727       0.398842      0.0100233        4.73472       0.427074
U               2727.77734778915        35.2046        35.7687        3.14886       0.317894     0.00984276        4.31732       0.346598
U               2727.84419540502        25.3664        25.7729        3.42499       0.390197      0.0102658        4.59434       0.420928
U               2727.91871249536        173.015        175.787        3.52170       0.151178     0.00982568        4.74180       0.163682
U               2731.00617948081        94.2662        95.7768        3.46590       0.206628      0.0137391        4.92783       0.225956
U               2731.07288062712        133.641        135.782        3.68179       0.178106      0.0129811        5.23158       0.195389
U               2731.47008398268        94.2662        95.7768        3.37772       0.201310      0.0101576        4.71162       0.221060
U               2731.54043397587        163.166        165.781        3.46792       0.155366      0.0110915        4.76826       0.169008
U               2731.60776479309        163.166        165.781        3.14047       0.148569      0.0114087        4.43596       0.163144
U               2735.41637853859        17.5046        17.7851        3.01767       0.443333      0.0107402        4.11183       0.479927
U               2735.48406026000        51.9490        52.7815        2.91836       0.253473      0.0102850        4.27822       0.284055
U               2735.55244047847        86.3935        87.7779        3.11058       0.202064      0.0103787        4.19334       0.218116
U               2735.61909386702        86.3934        87.7779        3.46818       0.212915      0.0104533        4.69122       0.230423
U               2735.68646222493        86.3935        87.7779        3.22943       0.206083      0.0104953        4.51860       0.226239
U               2740.36641020468        40.1345        40.7777        3.87661       0.329242      0.0106522        4.99974       0.348749
U               2740.43468687031        69.6490        70.7651        3.18778       0.228355      0.0106360        4.52409       0.252121
U               2740.50147702871        74.5790        75.7741        3.59128       0.233705      0.0108557        5.00645       0.256005
U               2740.56887214631        74.5898        75.7851        3.36878       0.226942      0.0110789        4.79313       0.250603
U               2740.63548621302        74.5899        75.7851        3.05508       0.216545      0.0110126        4.32415       0.238298
U               2740.70219330443        74.5790        75.7741        3.50507       0.231302      0.0111423        4.95046       0.254604
U               2740.76950982213        74.5790        75.7741        3.08071       0.217488      0.0109186        4.45470       0.241810
U               2749.42141844006        46.0418        46.7796        3.33375       0.286895      0.0104940        4.78426       0.318681
U               2749.48820828972        50.9609        51.7775        3.63944       0.284202      0.0106844        5.02572       0.310278
U               2749.55542489979        46.0418        46.7796        3.82381       0.306057      0.0106246        5.20487       0.332055
U               2749.62223594682        50.9609        51.7775        3.09825       0.263528      0.0111723        4.24677       0.285761
U               2749.68890250428        50.9609        51.7775        3.01941       0.261366      0.0115985        4.37034       0.289802
U               2749.75612306874        46.0418        46.7796        3.60062       0.297859      0.0107751        5.08053       0.328164
U               2749.82293436863        50.9609        51.7775        3.29243       0.270747      0.0108353        4.42971       0.291722
U               2749.88959830953        50.9717        51.7885        3.47797       0.277737      0.0107062        4.65955       0.298996
U               2749.95971342502        26.3654        26.7879        3.17537       0.374633      0.0133812        4.55217       0.411019
U               2760.38349334057        60.7990        61.7733        3.32886       0.249619      0.0109281        4.63602       0.273091
U               2760.45038970234        60.8099        61.7844        3.42319       0.253195      0.0107397        4.96856       0.282462
U               2760.51881432673        85.3619        86.7298        3.56457       0.217014      0.0110103        4.58654       0.229269
U               2760.58573628869        85.4054        86.7740        3.25242       0.208095      0.0104635        4.64611       0.230661
U               2760.85312723555        110.012        111.775        3.26811       0.183857      0.0111245        4.40940       0.198103
U               2760.92112183105        60.7990        61.7733        3.00907       0.237904      0.0106845        4.31499       0.263671
U               2760.98947250424        95.2543        96.7808        3.62446       0.206980      0.0105426        4.78146       0.221496
U               2763.06893106410        111.000        112.779        3.11630       0.179231      0.0108026        4.53566       0.199962
U               2763.13559888676        111.000        112.779        2.93810       0.174046      0.0105759        4.22088       0.193045
U               2763.20295907743        111.000        112.779        3.14620       0.179720      0.0106304        4.47697       0.198692
U               2763.26962217595        111.000        112.779        3.60707       0.191561      0.0106764        4.88406       0.207324
U               2763.33654315583        96.2425        97.7848        3.26822       0.196599      0.0109732        4.50477       0.214029
U               2763.40350212529        106.081        107.781        3.26257       0.186734      0.0106188        4.44588       0.202555
U               2763.47031411622        110.989        112.767        3.39021       0.186350      0.0108658        4.73176       0.204152
U               2763.53694816167        86.3935        87.7779        3.17521       0.204865      0.0106323        4.62627       0.228859
U               2765.00270823110        23.4118        23.7870        3.91311       0.434399      0.0110896        5.23689       0.467053
U               2765.07029393828        11.5973        11.7832        3.32062       0.573099      0.0121274        4.57250       0.621080
U               2765.13709808700        16.5164        16.7811        3.38493       0.483218      0.0109428        4.82672       0.534379
U               2765.20431354735        11.5973        11.7832        2.68585       0.517804      0.0109919        3.98936       0.580946
U               2765.27112031914        16.5055        16.7700        3.22023       0.473899      0.0115445        4.78215       0.532139
U               2765.33780239755        16.5164        16.7811        3.74584       0.504848      0.0102975        4.98980       0.543116
U               2765.40499653621        11.5973        11.7832        3.41872       0.581981      0.0117678        5.04023       0.651331
U               2765.47238042997        11.5864        11.7721        2.80030       0.530497      0.0114566        4.41763       0.610987
U               2765.53902560007        11.5973        11.7831        4.18561       0.637401      0.0113092        5.45806       0.677102
U               2765.60640585050        11.5973        11.7831        2.70860       0.516490      0.0105715        3.50063       0.544841
U               2765.67306583328        11.5865        11.7721        2.68013       0.517901      0.0113247        3.89271       0.574268
U               2765.73973660730        11.5864        11.7721        3.63010       0.593648      0.0108086        4.61824       0.624401
U               2765.80709508574        11.5973        11.7832        3.12089       0.555852      0.0108392        4.75320       0.632955
U               2765.87376623834        11.5973        11.7832        3.29259       0.570395      0.0110578        4.91416       0.643331
U               2765.94111916004        11.5973        11.7832        3.29967       0.571526      0.0118586        4.67124       0.627599
U               2766.01458456833        106.081        107.781        3.47511       0.192411      0.0104794        4.72672       0.208712
U               2766.08125911187        106.070        107.770        3.12612       0.182958      0.0104152        4.30744       0.199454
U               2768.03272951348        14.5401        14.7731        4.06883       0.560905      0.0114470        5.15883       0.588331
U               2768.09953799052        19.4592        19.7710        3.50661       0.451932      0.0109738        4.75582       0.488772
U               2768.16676058620        14.5401        14.7731        3.79319       0.544269      0.0119392        5.02904       0.581067
U               2768.23358745407        19.4592        19.7710        2.96376       0.417391      0.0105309        4.30510       0.465544
U               2768.43412404740        14.5509        14.7841        3.34668       0.510471      0.0105867        4.56172       0.553833
U               2768.50149195874        14.5401        14.7731        3.45806       0.519755      0.0113587        4.64149       0.558755
U               2768.56816328969        14.5509        14.7841        3.95154       0.553858      0.0113715        5.25783       0.593586
U               2768.63551319670        14.5401        14.7731        3.63811       0.532788      0.0109911        5.05922       0.582766
U               2768.70216607582        14.5401        14.7731        3.77839       0.539409      0.0104725        4.76371       0.565896
U               2768.76882572239        14.5401        14.7731        3.33289       0.508604      0.0105111        4.33517       0.540404
U               2769.90697495546        14.5509        14.7841        2.35817       0.433825      0.0108350        3.23737       0.468059
U               2770.04103009496        14.5509        14.7841        3.88575       0.546453     0.00997995        5.06891       0.583092
U               2770.10765482998        14.5401        14.7731        3.97860       0.555861      0.0111274        5.35505       0.599129
U               2770.17506470485        14.5401        14.7731        2.87712       0.476445      0.0106198        4.17878       0.530768
U               2770.70906532696        110.022        111.786        3.64002       0.193622      0.0107376        5.09282       0.212539
U               2770.76671112375        105.103        106.788        3.31036       0.189329      0.0107038        4.70445       0.209197
U               2770.90075082891        105.093        106.777        3.32308       0.189608      0.0107806        4.64721       0.207960
U               2770.96684294147        85.4053        86.7739        3.31382       0.209588      0.0103251        4.57803       0.229002
U               2773.04290451435        101.151        102.772        3.41794       0.195962      0.0107985        4.82569       0.215912
U               2773.11005086405        96.2425        97.7848        3.25386       0.196130      0.0107898        4.52361       0.214467
U               2773.17447043117        30.2964        30.7819        2.59847       0.315042      0.0106803        3.92222       0.356454
U               2773.24224614538        45.0645        45.7866        2.93830       0.273020      0.0109794        3.95976       0.293637
U               2773.30934858276        59.8217        60.7804        3.08015       0.242299      0.0107108        4.30069       0.265384
U               2773.37658465374        79.4981        80.7720        2.98913       0.207554      0.0106720        4.37238       0.232082
U               2773.92281705979        14.5401        14.7731        3.58474       0.528617      0.0108962        4.95753       0.577021
U               2778.00176914083        22.4128        22.7719        2.51417       0.361216      0.0109681        3.76425       0.406154
U               2778.04874223890        54.9026        55.7824        3.34189       0.262941      0.0109696        4.54572       0.284631
U               2778.11581742624        69.6599        70.7762        3.74984       0.246225      0.0106830        4.96869       0.263913
U               2778.18308683205        89.3471        90.7789        3.55458       0.212242      0.0108897        4.82692       0.229761
U               2778.25042824540        89.3471        90.7789        3.21383       0.202100      0.0106901        4.37182       0.218903
U               2778.31711572828        89.3471        90.7788        3.25574       0.203869      0.0108284        4.65267       0.225671
U               2778.38447163580        89.3579        90.7899        3.49515       0.210539      0.0109308        4.74150       0.227752
U               2778.45174658485        90.3244        91.7718        2.79057       0.188505      0.0109978        3.92332       0.206470
U               2778.51839959063        90.3244        91.7718        3.18156       0.200611      0.0109937        4.51465       0.221167
U               2780.47322422033        90.3244        91.7718        3.16432       0.199556      0.0105213        4.38774       0.218103
U               2780.54654711159        35.2154        35.7798        3.55078       0.337456      0.0105677        4.80205       0.365051
U               2780.61339626741        40.1454        40.7887        3.27021       0.304267      0.0107022        4.55832       0.333310
U               2780.68059088429        35.2263        35.7908        2.87260       0.304787      0.0102586        3.97116       0.332588
U               2780.73427980812        134.618        136.775        3.23247       0.165051      0.0105545        4.43685       0.179630
U               2780.80093818158        134.618        136.775        3.39325       0.168955      0.0106413        4.61994       0.183217
U               2780.86761154048        134.618        136.775        3.54094       0.172353      0.0107103        4.71961       0.185138
U               2780.93497036817        134.629        136.786        3.20655       0.164451      0.0106531        4.36438       0.178181
U               2780.99817105848        16.5164        16.7811        3.40976       0.482594      0.0105690        4.45417       0.513807
U               2783.54491402488        126.702        128.732        3.32465       0.172593      0.0105190        4.67775       0.190005
U               2783.60739350412        109.034        110.782        3.38989       0.187758      0.0107489        4.63915       0.203994
U               2783.67405674141        109.034        110.782        3.20962       0.183403      0.0109949        4.60503       0.203259
U               2783.74156436324        113.953        115.779        3.05616       0.174796      0.0107183        4.20078       0.190082
U               2783.81394881243        136.594        138.783        3.22762       0.163607      0.0103773        4.41470       0.177889
U               2783.88118200749        138.560        140.780        3.40743       0.167010      0.0108225        4.64669       0.181102
U               2787.42604943458        109.034        110.782        3.41975       0.188618      0.0107352        4.73138       0.205965
U               2787.49341339851        109.023        110.771        3.43498       0.188974      0.0105511        4.81769       0.207802
U               2787.56007587537        109.034        110.782        2.85614       0.173519      0.0107976        4.15502       0.193283
U               2787.62673975993        109.034        110.782        3.43040       0.188726      0.0105001        4.73501       0.206042
U               2787.70612146845        76.5553        77.7821        3.32606       0.221493     0.00983278        4.66549       0.244125
U               2787.77224811958        81.4853        82.7910        3.08648       0.207951      0.0106443        4.40996       0.230196
U               2787.84722224437        32.2619        32.7789        3.04700       0.328301      0.0105888        4.31932       0.362142
U               2787.91059731087        42.1000        42.7746        3.19114       0.293242      0.0101253        4.52704       0.324387
U               2787.98068560334        17.4937        17.7740        3.34697       0.464545     0.00991723        4.61742       0.508114
U               2820.44558617333        515.516        523.777        3.48643      0.0872655     0.00998971        4.75046      0.0949091
U               2820.51258453960        535.203        543.780        3.27702      0.0830647     0.00984446        4.43951      0.0901151
U               2820.57959363097        515.516        523.777        3.45991      0.0869236     0.00997357        4.68396      0.0942578
U               3476.50997874606        90.3136        91.7608        3.40380       0.206372      0.0103994        4.63326       0.224002
U               3476.57663802151        90.3353        91.7829        3.08752       0.197419      0.0108080        4.26183       0.215004
U               3476.64403978409        90.3244        91.7718        3.44280       0.207637      0.0106785        4.62665       0.223832
U               3476.71070557320        90.3244        91.7719        3.18462       0.200059      0.0104949        4.38552       0.218049
U               3476.77738170186        90.3353        91.7829        2.87777       0.191059      0.0106655        4.09858       0.210929
U               3525.45443447353        36.1819        36.7617        3.50004       0.330797     0.00995552        5.05078       0.369129
U               3525.51532386430        95.2435        96.7697        3.31252       0.198185      0.0100177        4.55964       0.216426
U               3525.58252078993        90.3244        91.7718        3.02008       0.195040      0.0102304        4.27676       0.215385
U               3525.64934260864        95.2543        96.7808        3.50131       0.203387     0.00978943        4.83594       0.222725
U               3525.71714915335        85.4053        86.7739        3.21732       0.206587      0.0100100        4.56718       0.228737
U               4354.12042652024        1015.96        1032.24      -0.747803     0.00342375      0.0263609       0.185930      0.0135222
U               4613.19775275746        110.001        111.763        3.34772       0.185300     0.00998123        4.59098       0.202062
U               4613.26383292908        90.3244        91.7718        3.03851       0.195532      0.0102588        4.23653       0.214390
U               4973.13258656440        112.965        114.775        3.34233       0.183049      0.0104062        4.62322       0.200076
