U               2006.78145960827        145.455        147.786      0.0133956        19.4686       0.402741        22.9083       0.374637        2532.96        45.3213        2923.15        47.8046
U               2006.78164384653        142.501        144.785      0.0131141        18.5541       0.396413        22.0420       0.372126        2377.12        44.1198        2768.40        46.7378
U               2006.78182652481        144.456        146.771      0.0129241        18.7228       0.394288        21.8305       0.368028        2433.13        44.5886        2782.62        46.9107
U               2006.79061969835        78.5208        79.7790      0.0122316        19.0807       0.542570        22.6861       0.507718        1339.96        33.0405        1564.57        35.0152
U               2006.79080452571        83.4507        84.7880      0.0131464        19.2233       0.527050        22.4704       0.490426        1438.12        34.1909        1648.91        35.9880
U               2006.79648428313        131.664        133.774      0.0118083        19.4834       0.423268        22.9690       0.394227        2288.34        43.0870        2652.15        45.5200
U               2006.80163483091        82.4517        83.7730      0.0145913        18.4713       0.519857        21.8570       0.487396        1373.81        33.5449        1589.95        35.4548
U               2006.80182958650        42.1108        42.7857      0.0249714        18.3342       0.737208        22.9805       0.697235        703.461        23.9971        848.621        25.7474
U               2006.80200194745        81.4744        82.7800      0.0148427        17.9414       0.516065        21.5983       0.487732        1321.76        32.9989        1554.68        35.1078
U               2006.80970960108        32.2618        32.7788      0.0269008        18.8003       0.855882        23.6141       0.806135        551.761        21.1966        665.797        22.7289
U               2006.81261137518        136.594        138.783      0.0119020        19.1647       0.412054        22.7092       0.385117        2339.53        43.6398        2724.14        46.1977
U               2006.82083126291        47.0191        47.7725      0.0106523        18.7843       0.693359        22.2050       0.649944        790.257        25.4173        919.394        26.9108
U               2006.83182621220        22.4236        22.7830      0.0102145        15.2219       0.906242        19.9954       0.898305        310.015        16.2319        399.594        17.9520
U               2006.83200912314        27.3427        27.7809      0.0104874        16.0292       0.842435        20.5901       0.824219        396.601        18.2794        500.123        20.0199
U               2006.83219316509        22.4236        22.7830      0.0102290        14.7378       0.896328        20.2361       0.903126        299.948        16.0119        403.875        18.0247
U               2006.83237606696        27.3427        27.7809      0.0106704        19.5100       0.925192        22.5394       0.857933        476.213        19.6508        541.722        20.6200
U               2006.83255936424        25.3773        25.7839      0.0102592        18.2927       0.928746        21.5643       0.873306        416.745        18.5050        483.571        19.5836
U               2006.83274187769        25.3664        25.7729     0.00985581        17.8751       0.919943        21.4996       0.872331        407.107        18.3347        482.085        19.5602
U               2006.84337750616        45.0645        45.7866      0.0106013        18.7992       0.708117        22.1551       0.663231        758.144        24.8928        879.432        26.3265
U               2006.84356040542        48.9954        49.7806      0.0109615        19.3987       0.692535        22.9941       0.646564        846.722        26.2266        987.874        27.7777
U               2006.85367609234        34.2381        34.7868      0.0111399        18.2540       0.801824        21.9124       0.757204        560.790        21.4722        661.704        22.8658
U               2006.85386051395        34.2273        34.7758      0.0119373        18.9792       0.814704        21.9604       0.758058        583.012        21.7987        662.771        22.8784
U               2006.86635744599        29.1657        29.7834      0.0391443        16.5262       0.831136        21.5871       0.826238        467.977        20.1564        572.522        21.9131
U               2006.86654180699        29.1657        29.7834      0.0377935        19.2112       0.899022        24.6164       0.877082        531.543        21.2591        644.661        22.9693
U               2006.86672434172        29.1575        29.7750      0.0368694        17.4832       0.857988        23.2202       0.854308        488.263        20.5204        611.468        22.4969
U               2006.86690723948        34.0541        34.7753      0.0381779        21.7621       0.886393        26.9025       0.844718        692.236        24.0130        814.873        25.5864
U               2006.86709044270        19.3644        19.7745      0.0388694        19.2339        1.10245        24.3392        1.07091        354.209        17.3486        423.687        18.6419
U               2006.87663044472        27.1940        27.7699      0.0359862        18.1855       0.901348        23.1338       0.883115        472.197        20.1204        568.374        21.6972
U               2006.87699835083        24.2692        24.7831      0.0383051        19.4268       0.996308        25.5574       0.977887        445.560        19.4512        554.769        21.2268
U               2006.87718086800        24.2610        24.7748      0.0393837        19.2722       0.994041        25.5589       0.978078        442.748        19.4001        554.610        21.2236
U               2006.87736527646        24.2692        24.7832      0.0462381        19.3616        1.00041        25.6715       0.979845        448.962        19.5121        556.982        21.2593
U               2006.87754781397        24.2692        24.7832      0.0408856        16.8615       0.921653        21.9254       0.912229        397.447        18.5464        483.184        20.1034
U               2006.87773225314        24.2692        24.7831      0.0399616        16.8549       0.924491        22.5053       0.923167        395.788        18.5137        494.760        20.2950
U               2006.88653779026        9.57953        9.78240      0.0429001        18.8892        1.56545        24.8505        1.53695        172.883        12.1346        213.546        13.2073
U               2006.88672035863        9.57951        9.78238      0.0461961        18.4085        1.54873        24.4126        1.52466        169.937        12.0486        210.164        13.1256
U               2006.88690284976        9.57130        9.77400      0.0393385        21.0597        1.63840        25.6415        1.55945        189.864        12.6063        219.434        13.3454
U               2006.88708730210        9.57951        9.78238      0.0449447        18.7610        1.56677        25.1825        1.54617        172.075        12.1111        216.101        13.2683
U               2006.88726978526        9.57128        9.77398      0.0385819        19.0765        1.57406        25.4179        1.55332        172.884        12.1337        217.721        13.3053
U               2006.88745426552        9.57951        9.78238      0.0370491        17.3989        1.48972        22.7658        1.47711        160.035        11.7503        197.337        12.8038
U               2006.88892010940        9.57128        9.77398      0.0405147        19.8097        1.59943        25.4466        1.55411        179.637        12.3262        217.941        13.3104
U               2006.88910302461        14.4761        14.7827      0.0407626        18.6516        1.25900        24.0536        1.23200        258.256        14.8459        313.387        16.0513
U               2006.89587563336        45.0536        45.7756      0.0245836        17.9559       0.699170        21.7217       0.657542        742.238        24.6873        864.042        26.1556
U               2006.89605815505        45.0536        45.7756      0.0248312        17.5874       0.693066        21.6019       0.655934        728.261        24.5039        859.835        26.1085
U               2006.89624220366        40.1345        40.7777      0.0271875        19.2136       0.771001        23.2175       0.717418        702.795        23.8572        816.095        25.2172
U               2006.89642430353        35.2154        35.7798      0.0229152        19.6375       0.832210        23.8256       0.774600        623.798        22.4459        732.429        23.8122
U               2006.90555513563        88.3589        89.7749     0.00976760        19.5087       0.517070        23.1268       0.482682        1531.82        35.2628        1790.55        37.3706
U               2006.90573125312        71.6362        72.7842     0.00968534        19.9801       0.578657        22.9766       0.534536        1272.41        32.0469        1443.40        33.5799
U               2006.91653688162        82.4517        83.7730     0.00971980        19.9641       0.541528        23.4584       0.502800        1459.59        34.3371        1691.77        36.2610
U               2006.91672125592        82.4517        83.7730     0.00967164        18.3644       0.515177        21.4154       0.483009        1359.19        33.4051        1561.56        35.2198
U               2006.94002655817        91.3126        92.7758     0.00995241        19.0629       0.499364        22.0254       0.464719        1557.16        35.6206        1772.77        37.4040
U               2006.94020951931        96.2425        97.7848      0.0101435        17.7981       0.468552        20.7750       0.441073        1544.62        35.7134        1774.39        37.6719
U               2006.95504422703        87.3817        88.7819     0.00968733        19.1341       0.512968        22.4343       0.478928        1491.66        34.8593        1724.14        36.8069
U               2006.95522209798        77.5326        78.7751     0.00975002        18.8095       0.539733        22.1600       0.505687        1303.43        32.6420        1513.34        34.5341
U               2006.95540740658        87.3382        88.7378     0.00981920        18.9557       0.510808        22.3242       0.478009        1478.40        34.7371        1715.84        36.7399
U               2006.96655407499        51.9490        52.7815     0.00990237        18.9878       0.661022        22.0219       0.616079        882.407        26.8264        1008.41        28.2111
U               2006.96673811380        47.0299        47.7836     0.00947986        18.3577       0.682779        21.5527       0.641355        774.166        25.2149        895.744        26.6551
U               2006.96692062549        47.0191        47.7725     0.00966377        18.7893       0.690328        21.7651       0.644221        791.161        25.4286        903.323        26.7373
U               2006.96710502754        47.0299        47.7836     0.00994310        19.0881       0.695962        21.9973       0.647178        803.074        25.5768        912.028        26.8325
U               2006.96728756808        47.0299        47.7836      0.0100503        17.5050       0.664015        20.4461       0.626494        743.849        24.8214        854.874        26.1944
U               2006.97720673430        25.3664        25.7729      0.0100016        17.5749       0.905373        20.4314       0.852776        402.757        18.2571        460.797        19.2330
U               2006.97757896914        153.306        155.763     0.00985093        19.1216       0.386723        22.2910       0.360557        2617.99        46.1795        3007.91        48.6528
U               2006.97776577460        182.842        185.772     0.00977460        19.2595       0.354729        22.1836       0.329450        3146.07        50.5795        3572.20        53.0510
U               2006.97796379544        100.173        101.779     0.00997244        19.1728       0.479490        22.4210       0.447189        1714.30        37.3597        1975.51        39.4016
U               2006.97815676999        159.235        161.787      0.0101915        18.6188       0.374013        21.7869       0.350224        2657.36        46.6458        3061.91        49.2200
U               2006.97832788730        80.4862        81.7760      0.0100299        18.4027       0.522737        21.5846       0.490580        1328.99        33.0260        1534.97        34.8871
U               2006.97849281875        50.9609        51.7775      0.0100206        19.1800       0.668557        21.7782       0.618970        875.548        26.6873        979.575        27.8410
U               2006.97867260784        25.3773        25.7839      0.0100233        17.9658       0.917672        21.0126       0.863316        410.481        18.3953        472.611        19.4175
U               2006.97885653057        35.2046        35.7687     0.00984276        20.6300       0.840565        23.6641       0.772422        643.123        22.7058        727.871        23.7585
U               2006.97903954936        25.3664        25.7729      0.0102658        17.7751       0.914391        21.0321       0.863858        406.149        18.3177        472.799        19.4194
U               2006.97924356604        173.015        175.787     0.00982568        18.4297       0.356539        21.5368       0.334273        2860.74        48.4472        3293.14        51.1130
U               2006.98769658995        94.2662        95.7768      0.0137391        18.8863       0.491920        22.2839       0.459742        1599.43        36.1215        1849.01        38.1471
U               2006.98787920774        133.641        135.782      0.0129811        18.9010       0.413260        22.3318       0.386487        2266.07        42.9983        2626.28        45.4519
U               2006.98896669126        94.2662        95.7768      0.0101576        19.7012       0.499427        22.4196       0.460975        1657.34        36.6190        1858.91        38.2214
U               2006.98915929904        163.166        165.781      0.0110915        19.4769       0.378157        22.4118       0.350327        2840.74        47.9970        3216.60        50.2799
U               2006.98934364078        163.166        165.781      0.0114087        19.0155       0.373241        21.9441       0.347081        2782.57        47.6163        3157.45        49.9400
U               2006.99977105692        17.5046        17.7851      0.0107402        18.8913        1.13675        21.9886        1.06062        296.258        15.5504        339.339        16.3680
U               2006.99995635937        51.9490        52.7815      0.0102850        20.2463       0.686852        23.5877       0.634967        932.619        27.4011        1071.04        28.8318
U               2007.00014357421        86.3935        87.7779      0.0103787        20.3415       0.534960        23.8785       0.495022        1555.98        35.3793        1800.34        37.3225
U               2007.00032606124        86.3934        87.7779      0.0104533        18.5497       0.508049        21.9947       0.477471        1435.39        34.2992        1675.20        36.3662
U               2007.00051050575        86.3935        87.7779      0.0104953        18.8057       0.512108        22.2960       0.480348        1452.67        34.4593        1695.39        36.5258
U               2007.01332350501        40.1345        40.7777      0.0106522        19.1016       0.754768        22.1256       0.702372        686.098        23.6378        782.304        24.8341
U               2007.01351043633        69.6490        70.7651      0.0106360        19.2050       0.575617        22.4206       0.536298        1195.03        31.1832        1373.52        32.8543
U               2007.01369329782        74.5790        75.7741      0.0108557        19.8313       0.567220        23.2361       0.526472        1315.39        32.6110        1517.55        34.3839
U               2007.01387781560        74.5898        75.7851      0.0110789        18.1190       0.538229        21.1952       0.505501        1217.33        31.6482        1399.80        33.3850
U               2007.01406019497        74.5899        75.7851      0.0110126        19.7528       0.564832        22.9312       0.523392        1312.79        32.5869        1500.32        34.2439
U               2007.01424282903        74.5790        75.7741      0.0111423        18.3862       0.542895        21.5202       0.508964        1232.78        31.8043        1418.56        33.5497
U               2007.01442713161        74.5790        75.7741      0.0109186        19.4425       0.560990        22.8308       0.522422        1292.87        32.3961        1494.34        34.1939
U               2007.03829762708        50.9609        51.7775      0.0106844      -0.182517      0.0493039       0.488087      0.0977530        6.11900        2.47205        24.7990        4.96669
U               2007.03866457480        50.9609        51.7775      0.0111723      -0.144093      0.0590852       0.497662      0.0987049        8.84100        2.97058        25.2840        5.01476
U               2007.03903113777        46.0418        46.7796      0.0107751        19.9867       0.724966        23.3871       0.671955        817.564        25.6891        942.192        27.0710
U               2007.06812729183        60.7990        61.7733      0.0109281        19.6849       0.624218        22.8297       0.578591        1066.90        29.3873        1218.18        30.8732
U               2007.06831044409        60.8099        61.7844      0.0107397        20.1441       0.635639        23.9191       0.590473        1084.90        29.5759        1269.08        31.3289
U               2007.06849778050        85.3619        86.7298      0.0110103        19.3432       0.521228        22.3666       0.483916        1476.28        34.6274        1679.82        36.3439
U               2007.06868100284        85.4054        86.7740      0.0104635        19.0191       0.518290        22.5168       0.485221        1450.31        34.3932        1690.58        36.4310
U               2007.06941307936        110.012        111.775      0.0111245        18.8535       0.452574        21.8370       0.421781        1860.69        38.9740        2119.69        40.9417
U               2007.06959923841        60.7990        61.7733      0.0106845        18.9968       0.611097        21.9675       0.568855        1034.65        29.0425        1177.64        30.4953
U               2007.06978637236        95.2543        96.7808      0.0105426        18.8184       0.486234        21.9200       0.454038        1606.17        36.2229        1841.49        38.1436
U               2007.07547961961        111.000        112.779      0.0108026        18.6374       0.449453        22.0779       0.421940        1852.97        38.9500        2159.50        41.2712
U               2007.07566214617        111.000        112.779      0.0105759        19.2831       0.456261        22.3228       0.424000        1913.07        39.4342        2180.57        41.4179
U               2007.07584656832        111.000        112.779      0.0106304        18.6430       0.447844        21.6690       0.418466        1857.24        38.9849        2124.20        41.0220
U               2007.07602908193        111.000        112.779      0.0106764        19.5061       0.460385        22.8424       0.428317        1929.61        39.5649        2225.09        41.7226
U               2007.07621230159        96.2425        97.7848      0.0109732        19.5254       0.494099        22.7097       0.458807        1676.55        36.8704        1919.43        38.7785
U               2007.07639562526        106.081        107.781      0.0106188        18.7933       0.461174        22.0784       0.431617        1784.92        38.1944        2063.85        40.3467
U               2007.07657854652        110.989        112.767      0.0108658        18.9835       0.453970        22.4054       0.424712        1883.42        39.1968        2187.46        41.4649
U               2007.07676098059        86.3935        87.7779      0.0106323        19.2792       0.518049        22.5223       0.482491        1487.09        34.7728        1710.52        36.6440
U               2007.08077401295        23.4118        23.7870      0.0110896        18.7690       0.981654        22.1021       0.919188        393.648        17.9382        455.918        18.9608
U               2007.08095905253        11.5973        11.7832      0.0121274        19.8565        1.43860        23.1242        1.33225        205.276        12.8772        234.990        13.5384
U               2007.08114195233        16.5164        16.7811      0.0109428        20.0617        1.20937        23.1213        1.11631        294.859        15.4176        334.626        16.1559
U               2007.08132597823        11.5973        11.7832      0.0109919        19.6013        1.42843        22.9435        1.32767        202.548        12.8116        233.381        13.5050
U               2007.08150888520        16.5055        16.7700      0.0115445        17.4958        1.12539        20.8192        1.06608        261.018        14.7037        304.881        15.6119
U               2007.08169145078        16.5164        16.7811      0.0102975        20.6222        1.22798        23.7254        1.12898        301.700        15.5518        342.256        16.2864
U               2007.08187541831        11.5973        11.7832      0.0117678        18.5221        1.38170        21.5633        1.29182        193.250        12.5811        220.982        13.2386
U               2007.08205990535        11.5864        11.7721      0.0114566        20.4889        1.46324        23.7043        1.34741        210.662        13.0028        239.910        13.6371
U               2007.08224236988        11.5973        11.7831      0.0113092        20.1346        1.44738        23.2718        1.33597        207.704        12.9349        236.302        13.5655
U               2007.08242684696        11.5973        11.7831      0.0105715        17.9704        1.36036        21.2021        1.28217        187.607        12.4360        217.705        13.1655
U               2007.08260935204        11.5865        11.7721      0.0113247        20.1371        1.44946        23.3722        1.33912        207.439        12.9272        236.972        13.5774
U               2007.08279188667        11.5864        11.7721      0.0108086        18.3391        1.37851        21.7437        1.29720        190.731        12.5156        222.404        13.2684
U               2007.08297630414        11.5973        11.7832      0.0108392        19.9567        1.44256        23.2965        1.33659        205.746        12.8885        236.522        13.5700
U               2007.08315883980        11.5973        11.7832      0.0110578        22.0261        1.51970        25.0491        1.37951        224.701        13.3202        251.939        13.8748
U               2007.08334324205        11.5973        11.7832      0.0118586        18.3334        1.37512        21.4653        1.28921        191.427        12.5347        220.094        13.2189
U               2007.08354437938        106.081        107.781      0.0104794        18.1212       0.451765        21.3377       0.425144        1728.70        37.7202        2002.62        39.9013
U               2007.08372692433        106.070        107.770      0.0104152        19.4640       0.469350        22.5662       0.435819        1841.97        38.6607        2103.69        40.6283
U               2007.08906975911        14.5401        14.7731      0.0114470        17.3660        1.18605        19.9205        1.11369        229.343        13.7864        258.243        14.4375
U               2007.08925267075        19.4592        19.7710      0.0109738        20.9871        1.13946        23.7602        1.04079        361.942        16.9954        403.753        17.6859
U               2007.08943671618        14.5401        14.7731      0.0119392        18.9711        1.26116        22.9839        1.18665        246.203        14.1752        293.051        15.1301
U               2007.08961967818        19.4592        19.7710      0.0105309        17.2468        1.02316        20.0621       0.965744        304.176        15.8918        347.797        16.7422
U               2007.09016871745        14.5509        14.7841      0.0105867        19.4384        1.26324        22.2556        1.16951        252.862        14.3230        285.094        14.9814
U               2007.09035316074        14.5401        14.7731      0.0113587        18.8897        1.25350        22.5180        1.17601        245.573        14.1611        287.832        15.0321
U               2007.09053569689        14.5509        14.7841      0.0113715        17.7115        1.20908        21.2778        1.14648        232.255        13.8565        274.014        14.7643
U               2007.09072009089        14.5401        14.7731      0.0109911        19.7787        1.27743        22.7076        1.18035        256.560        14.4016        289.959        15.0723
U               2007.09090257653        14.5401        14.7731      0.0104725        19.3213        1.25996        22.1835        1.16827        251.236        14.2863        284.069        14.9602
U               2007.09108508069        14.5401        14.7731      0.0105111        18.6688        1.23811        21.6853        1.15660        243.540        14.1155        278.438        14.8507
U               2007.09420116346        14.5509        14.7841      0.0108350        18.3821        1.23012        21.6472        1.15527        240.195        14.0408        278.214        14.8477
U               2007.09456818643        14.5509        14.7841     0.00997995        17.3956        1.18792        20.1762        1.11964        229.021        13.7797        261.388        14.5053
U               2007.09475059502        14.5401        14.7731      0.0111274        18.7291        1.24144        21.8085        1.15950        244.374        14.1343        279.834        14.8780
U               2007.09493515320        14.5401        14.7731      0.0106198        19.6492        1.27438        22.7445        1.18120        254.694        14.3615        290.373        15.0800
U               2007.09639716722        110.022        111.786      0.0107376        18.8361       0.454699        22.4364       0.426833        1852.11        38.9046        2171.04        41.3022
U               2007.09655499281        105.103        106.788      0.0107038        19.2519       0.470121        22.6812       0.438799        1805.37        38.3229        2093.84        40.5082
U               2007.09692197352        105.093        106.777      0.0107806        19.1335       0.466184        21.9860       0.432838        1801.22        38.2885        2037.08        40.1040
U               2007.09710292386        85.4053        86.7739      0.0103251        18.3208       0.504315        21.0575       0.471044        1408.63        34.0053        1593.55        35.6468
U               2007.10278687068        101.151        102.772      0.0107985        18.9020       0.472345        21.8322       0.439824        1714.47        37.4023        1948.58        39.2554
U               2007.10297070736        96.2425        97.7848      0.0107898        18.2356       0.476153        21.4844       0.447704        1577.61        36.0113        1827.93        38.0914
U               2007.10314707852        30.2964        30.7819      0.0106803        20.3729       0.900357        23.4210       0.828890        548.048        20.9857        620.767        21.9695
U               2007.10333263832        45.0645        45.7866      0.0109794        19.1376       0.712730        22.0921       0.662397        772.345        25.0722        877.228        26.3023
U               2007.10351635478        59.8217        60.7804      0.0107108        17.8729       0.596300        20.9244       0.561242        964.247        28.2043        1109.94        29.7713
U               2007.10370043711        79.4981        80.7720      0.0106720        18.9683       0.533409        21.8223       0.496019        1351.82        33.1997        1530.85        34.7960
U               2007.10519593993        14.5401        14.7731      0.0108962        18.7399        1.25001        22.5774        1.17737        243.411        14.1126        288.499        15.0447
U               2007.11636350210        22.4128        22.7719      0.0109681        18.1451       0.983227        21.2928       0.924061        366.064        17.3535        422.326        18.3280
U               2007.11649210743        54.9026        55.7824      0.0109696        18.9735       0.645504        22.4259       0.604105        931.281        27.5637        1082.94        29.1719
U               2007.11667574928        69.6599        70.7762      0.0106830        19.1842       0.573666        22.0919       0.532773        1196.09        31.1944        1355.99        32.7014
U               2007.11685992288        89.3471        90.7789      0.0108897        18.8303       0.502560        21.9850       0.469421        1507.73        35.0922        1731.81        36.9774
U               2007.11704429362        89.3471        90.7789      0.0106901        18.6024       0.497484        21.3797       0.463653        1494.14        34.9690        1689.65        36.6429
U               2007.11722687400        89.3471        90.7788      0.0108284        20.4670       0.526599        23.7140       0.485303        1621.38        36.0818        1850.69        37.8741
U               2007.11741128442        89.3579        90.7899      0.0109308        18.4888       0.496783        21.4749       0.464540        1485.17        34.8875        1696.51        36.6984
U               2007.11759547320        90.3244        91.7718      0.0109978        19.7296       0.511937        22.6829       0.473353        1590.10        35.8630        1799.54        37.5532
U               2007.11777795918        90.3244        91.7718      0.0109937        19.2663       0.505302        22.2266       0.469134        1557.06        35.5754        1767.68        37.3102
U               2007.12312997733        90.3244        91.7718      0.0105213        18.6549       0.497452        21.8731       0.465823        1510.36        35.1587        1742.89        37.1177
U               2007.12333072447        35.2154        35.7798      0.0105677        20.0170       0.829606        23.4259       0.768892        625.930        22.4750        721.689        23.6875
U               2007.12351374748        40.1454        40.7887      0.0107022        19.3149       0.758844        22.2699       0.704295        693.339        23.7343        787.007        24.8894
U               2007.12369771632        35.2263        35.7908      0.0102586        18.7729       0.795745        21.5046       0.740324        593.624        22.0228        669.606        23.0521
U               2007.12384470858        134.618        136.775      0.0105545        18.8833       0.409212        21.8278       0.381218        2278.71        43.1264        2592.83        45.2833
U               2007.12402720926        134.618        136.775      0.0106413        20.0677       0.423508        23.1004       0.390856        2403.21        44.0156        2725.23        46.1105
U               2007.12420975097        134.618        136.775      0.0107103        18.8460       0.409461        21.9704       0.382318        2273.10        43.0852        2607.76        45.3789
U               2007.12439416939        134.629        136.786      0.0106531        19.3024       0.414153        22.2393       0.384361        2323.81        43.4543        2636.05        45.5589
U               2007.12456720345        16.5164        16.7811      0.0105690        20.8636        1.22978        23.3883        1.12194        305.866        15.6321        338.005        16.2141
U               2007.13153980568        126.702        128.732      0.0105190        18.8826       0.422254        21.9529       0.393941        2143.06        41.8266        2452.69        44.0131
U               2007.13171086517        109.034        110.782      0.0107489        20.1616       0.470723        22.9340       0.432921        1957.44        39.6973        2193.37        41.4039
U               2007.13189337917        109.034        110.782      0.0109949        19.9629       0.468777        22.8694       0.432384        1939.80        39.5610        2187.96        41.3670
U               2007.13207820496        113.953        115.779      0.0107183        19.9589       0.457916        22.7389       0.421886        2027.58        40.4456        2275.22        42.2132
U               2007.13227638279        136.594        138.783      0.0103773        19.2261       0.409477        21.9640       0.379493        2351.06        43.7226        2645.37        45.7065
U               2007.13246045724        138.560        140.780      0.0108225        19.3994       0.410227        22.5599       0.381268        2400.09        44.1438        2747.38        46.4314
U               2007.14216577532        109.034        110.782      0.0107352        19.7448       0.465427        22.5429       0.429658        1921.57        39.4190        2160.52        41.1785
U               2007.14235020780        109.023        110.771      0.0105511        19.6816       0.465296        22.6508       0.430584        1913.78        39.3575        2169.38        41.2391
U               2007.14253271971        109.034        110.782      0.0107976        18.7041       0.452661        21.7210       0.422669        1829.98        38.6844        2091.00        40.6889
U               2007.14271523548        109.034        110.782      0.0105001        19.9688       0.468739        22.8796       0.432469        1938.82        39.5535        2188.81        41.3728
U               2007.14293257076        76.5553        77.7821     0.00983278        19.1660       0.546598        22.0539       0.507827        1312.04        32.6784        1487.96        34.2628
U               2007.14311361566        81.4853        82.7910      0.0106443        18.9433       0.526595        21.8222       0.489933        1383.78        33.5950        1569.11        35.2282
U               2007.14331888363        32.2619        32.7789      0.0105888        19.9577       0.863520        23.1323       0.798889        572.646        21.5007        653.906        22.5830
U               2007.14349239510        42.1000        42.7746      0.0101253        17.7686       0.707764        20.7398       0.666385        674.711        23.6072        775.016        24.9018
U               2007.14368428639        17.4937        17.7740     0.00991723        19.7940        1.16704        22.9769        1.08170        307.986        15.7832        352.486        16.5942
U               2007.23256833997        515.516        523.777     0.00998971        18.5011       0.206880        21.5362       0.193650        8558.84        83.7610        9812.03        88.2281
U               2007.23275177150        535.203        543.780     0.00984446        18.4301       0.202554        21.4447       0.189696        8854.05        85.2267        10148.5        89.7718
U               2007.23293523239        515.516        523.777     0.00997357        18.5156       0.206871        21.5019       0.193513        8566.13        83.7889        9798.22        88.1821
U               2009.02877475358        90.3136        91.7608      0.0103994        18.9030       0.500070        21.8997       0.466101        1529.36        35.3292        1744.56        37.1301
U               2009.02895725673        90.3353        91.7829      0.0108080        19.3361       0.507317        22.5406       0.472016        1559.69        35.5990        1789.84        37.4804
U               2009.02914179270        90.3244        91.7718      0.0106785        19.5948       0.510310        22.6389       0.472949        1578.92        35.7663        1796.47        37.5301
U               2009.02932431368        90.3244        91.7719      0.0104949        18.2628       0.490223        21.1429       0.458863        1484.90        34.9262        1691.39        36.7081
U               2009.02950686298        90.3353        91.7829      0.0106655        18.6143       0.496295        21.7025       0.464183        1508.99        35.1467        1731.10        37.0257
U               2009.16277737022        36.1819        36.7617     0.00995552        17.5413       0.761620        21.0458       0.723522        571.476        21.7593        674.774        23.1977
U               2009.16294407629        95.2435        96.7697      0.0100177        18.0798       0.475146        21.0813       0.446277        1549.69        35.7198        1778.90        37.6581
U               2009.16312805144        90.3244        91.7718      0.0102304        18.4094       0.494753        21.8568       0.465669        1490.13        34.9742        1741.75        37.1087
U               2009.16331099961        95.2543        96.7808     0.00978943        18.4577       0.480149        21.3861       0.449106        1578.60        35.9796        1801.84        37.8385
U               2009.16349664381        85.4053        86.7739      0.0100100        17.3845       0.491880        20.5594       0.466050        1340.64        33.3486        1560.07        35.3644
U               2011.43154120882        1015.96        1032.24      0.0263609        18.1024       0.148961        22.5706       0.140832        16838.5        117.508        20153.0        125.747
U               2012.14085627038        110.001        111.763     0.00998123        18.3226       0.444732        21.1664       0.416008        1812.52        38.5777        2061.86        40.5243
U               2012.14103718803        90.3244        91.7718      0.0102588        18.1549       0.488543        21.0311       0.457783        1476.56        34.8492        1683.46        36.6439
U               2012.46018064259        41.1118        41.7706      0.0501942        18.3650       0.766056        24.2142       0.721980        709.803        24.0154        867.204        25.8569
U               2012.46036704369        65.7290        66.7822      0.0477513        16.7205       0.577693        22.8243       0.556412        1044.41        29.3975        1316.68        32.0981
U               2012.46054634016        55.8691        56.7644      0.0490666        17.2530       0.638328        23.5522       0.611883        911.914        27.3915        1150.35        29.8858
U               2012.46073563624        139.526        141.762      0.0446748        17.9165       0.408341        23.5384       0.387093        2342.78        43.7681        2871.38        47.2203
U               2012.46091339233        80.4319        81.7208      0.0531788        17.2453       0.532575        23.4064       0.508580        1321.73        32.9528        1647.14        35.7894
U               2012.46109740038        75.5563        76.7671      0.0466609        17.0749       0.541865        22.6761       0.517483        1222.90        31.7488        1504.92        34.3431
U               2013.12596834546        57.8454        58.7724     0.00963015        17.9586       0.608059        21.1020       0.572898        934.264        27.7565        1081.34        29.3573
U               2013.12614977579        124.769        126.768     0.00981256        17.4466       0.406701        20.3432       0.383771        1967.17        40.3782        2257.80        42.5931
U               2013.12630413844        112.965        114.775      0.0104062        17.6022       0.428957        20.3148       0.403071        1798.68        38.5708        2041.66        40.5092
U               2013.12687787201        99.1853        100.775     0.00974707        17.3497       0.454931        20.2890       0.429917        1555.66        35.9267        1790.59        37.9420
